x	 u	 u_exact
0.000000	-1.002959	-1.000000
0.000978	-1.003114	-0.999981
0.001955	-1.002826	-0.999925
0.002933	-1.002909	-0.999830
0.003910	-1.002541	-0.999698
0.004888	-1.002554	-0.999528
0.005865	-1.002104	-0.999321
0.006843	-1.002049	-0.999076
0.007820	-1.001516	-0.998793
0.008798	-1.001394	-0.998473
0.009775	-1.000778	-0.998114
0.010753	-1.000586	-0.997719
0.011730	-0.999891	-0.997285
0.012708	-0.999626	-0.996814
0.013685	-0.998857	-0.996305
0.014663	-0.998511	-0.995759
0.015640	-0.997678	-0.995175
0.016618	-0.997240	-0.994554
0.017595	-0.996355	-0.993895
0.018573	-0.995812	-0.993199
0.019550	-0.994890	-0.992465
0.020528	-0.994227	-0.991694
0.021505	-0.993283	-0.990885
0.022483	-0.992484	-0.990039
0.023460	-0.991533	-0.989155
0.024438	-0.990585	-0.988235
0.025415	-0.989639	-0.987277
0.026393	-0.988536	-0.986281
0.027370	-0.987595	-0.985249
0.028348	-0.986343	-0.984179
0.029326	-0.985395	-0.983073
0.030303	-0.984012	-0.981929
0.031281	-0.983032	-0.980748
0.032258	-0.981552	-0.979530
0.033236	-0.980499	-0.978275
0.034213	-0.978968	-0.976983
0.035191	-0.977794	-0.975655
0.036168	-0.976261	-0.974289
0.037146	-0.974920	-0.972887
0.038123	-0.973424	-0.971448
0.039101	-0.971888	-0.969973
0.040078	-0.970444	-0.968461
0.041056	-0.968717	-0.966912
0.042033	-0.967301	-0.965327
0.043011	-0.965427	-0.963706
0.043988	-0.963978	-0.962048
0.044966	-0.962033	-0.960354
0.045943	-0.960466	-0.958623
0.046921	-0.958536	-0.956857
0.047898	-0.956773	-0.955054
0.048876	-0.954919	-0.953215
0.049853	-0.952928	-0.951341
0.050831	-0.951150	-0.949430
0.051808	-0.948967	-0.947484
0.052786	-0.947193	-0.945502
0.053763	-0.944920	-0.943484
0.054741	-0.943031	-0.941431
0.055718	-0.940792	-0.939342
0.056696	-0.938679	-0.937218
0.057674	-0.936549	-0.935058
0.058651	-0.934186	-0.932863
0.059629	-0.932136	-0.930633
0.060606	-0.929608	-0.928368
0.061584	-0.927507	-0.926068
0.062561	-0.924974	-0.923733
0.063539	-0.922664	-0.921363
0.064516	-0.920252	-0.918958
0.065494	-0.917666	-0.916518
0.066471	-0.915365	-0.914044
0.067449	-0.912595	-0.911536
0.068426	-0.910249	-0.908993
0.069404	-0.907489	-0.906416
0.070381	-0.904907	-0.903805
0.071359	-0.902298	-0.901159
0.072336	-0.899428	-0.898480
0.073314	-0.896918	-0.895766
0.074291	-0.893913	-0.893019
0.075269	-0.891281	-0.890238
0.076246	-0.888375	-0.887424
0.077224	-0.885442	-0.884576
0.078201	-0.882708	-0.881695
0.079179	-0.879535	-0.878780
0.080156	-0.876788	-0.875833
0.081134	-0.873637	-0.872852
0.082111	-0.870617	-0.869839
0.083089	-0.867663	-0.866792
0.084066	-0.864345	-0.863713
0.085044	-0.861449	-0.860601
0.086022	-0.858101	-0.857457
0.086999	-0.854954	-0.854281
0.087977	-0.851815	-0.851072
0.088954	-0.848344	-0.847831
0.089932	-0.845288	-0.844558
0.090909	-0.841780	-0.841254
0.091887	-0.838465	-0.837917
0.092864	-0.835183	-0.834549
0.093842	-0.831541	-0.831150
0.094819	-0.828323	-0.827719
0.095797	-0.824689	-0.824257
0.096774	-0.821165	-0.820763
0.097752	-0.817780	-0.817239
0.098729	-0.813961	-0.813684
0.099707	-0.810557	-0.810099
0.100684	-0.806851	-0.806482
0.101662	-0.803076	-0.802836
0.102639	-0.799603	-0.799159
0.103617	-0.795644	-0.795452
0.104594	-0.791996	-0.791715
0.105572	-0.788276	-0.787948
0.106549	-0.784244	-0.784151
0.107527	-0.780634	-0.780325
0.108504	-0.776630	-0.776469
0.109482	-0.772663	-0.772584
0.110459	-0.768940	-0.768670
0.111437	-0.764738	-0.764727
0.112414	-0.760859	-0.760755
0.113392	-0.756919	-0.756754
0.114370	-0.752641	-0.752725
0.115347	-0.748788	-0.748667
0.116325	-0.744609	-0.744582
0.117302	-0.740343	-0.740468
0.118280	-0.736426	-0.736326
0.119257	-0.732047	-0.732156
0.120235	-0.727826	-0.727959
0.121212	-0.723776	-0.723734
0.122190	-0.719260	-0.719482
0.123167	-0.715069	-0.715203
0.124145	-0.710854	-0.710897
0.125122	-0.706255	-0.706564
0.126100	-0.702063	-0.702204
0.127077	-0.697681	-0.697818
0.128055	-0.693032	-0.693406
0.129032	-0.688805	-0.688967
0.130010	-0.684272	-0.684502
0.130987	-0.679586	-0.680012
0.131965	-0.675301	-0.675496
0.132942	-0.670639	-0.670954
0.133920	-0.665914	-0.666387
0.134897	-0.661558	-0.661795
0.135875	-0.656789	-0.657179
0.136852	-0.652013	-0.652537
0.137830	-0.647584	-0.647870
0.138807	-0.642728	-0.643180
0.139785	-0.637887	-0.638465
0.140762	-0.633386	-0.633725
0.141740	-0.628462	-0.628962
0.142717	-0.623539	-0.624176
0.143695	-0.618969	-0.619365
0.144673	-0.613996	-0.614532
0.145650	-0.608974	-0.609675
0.146628	-0.604334	-0.604795
0.147605	-0.599335	-0.599892
0.148583	-0.594204	-0.594967
0.149560	-0.589482	-0.590019
0.150538	-0.584483	-0.585049
0.151515	-0.579241	-0.580057
0.152493	-0.574412	-0.575043
0.153470	-0.569437	-0.570007
0.154448	-0.564102	-0.564950
0.155425	-0.559127	-0.559872
0.156403	-0.554188	-0.554772
0.157380	-0.548805	-0.549652
0.158358	-0.543644	-0.544510
0.159335	-0.538719	-0.539348
0.160313	-0.533359	-0.534166
0.161290	-0.527993	-0.528964
0.162268	-0.523013	-0.523742
0.163245	-0.517751	-0.518500
0.164223	-0.512219	-0.513238
0.165200	-0.507075	-0.507957
0.166178	-0.501936	-0.502657
0.167155	-0.496358	-0.497338
0.168133	-0.490955	-0.492000
0.169110	-0.485857	-0.486644
0.170088	-0.480392	-0.481269
0.171065	-0.474746	-0.475876
0.172043	-0.469502	-0.470465
0.173021	-0.464228	-0.465037
0.173998	-0.458523	-0.459591
0.174976	-0.452968	-0.454127
0.175953	-0.447750	-0.448647
0.176931	-0.442230	-0.443149
0.177908	-0.436429	-0.437635
0.178886	-0.430973	-0.432104
0.179863	-0.425668	-0.426557
0.180841	-0.419945	-0.420994
0.181818	-0.414131	-0.415415
0.182796	-0.408716	-0.409820
0.183773	-0.403288	-0.404210
0.184751	-0.397430	-0.398585
0.185728	-0.391611	-0.392944
0.186706	-0.386185	-0.387289
0.187683	-0.380654	-0.381619
0.188661	-0.374710	-0.375935
0.189638	-0.368858	-0.370237
0.190616	-0.363386	-0.364524
0.191593	-0.357800	-0.358798
0.192571	-0.351804	-0.353058
0.193548	-0.345873	-0.347305
0.194526	-0.340329	-0.341539
0.195503	-0.334738	-0.335760
0.196481	-0.328732	-0.329968
0.197458	-0.322685	-0.324164
0.198436	-0.317020	-0.318348
0.199413	-0.311454	-0.312520
0.200391	-0.305512	-0.306680
0.201369	-0.299353	-0.300828
0.202346	-0.293485	-0.294965
0.203324	-0.287905	-0.289091
0.204301	-0.282116	-0.283206
0.205279	-0.275949	-0.277310
0.206256	-0.269821	-0.271404
0.207234	-0.264068	-0.265487
0.208211	-0.258430	-0.259561
0.209189	-0.252462	-0.253624
0.210166	-0.246198	-0.247678
0.211144	-0.240088	-0.241723
0.212121	-0.234343	-0.235759
0.213099	-0.228652	-0.229786
0.214076	-0.222622	-0.223804
0.215054	-0.216307	-0.217814
0.216031	-0.210120	-0.211815
0.217009	-0.204293	-0.205809
0.217986	-0.198600	-0.199794
0.218964	-0.192647	-0.193772
0.219941	-0.186345	-0.187743
0.220919	-0.179998	-0.181707
0.221896	-0.173947	-0.175664
0.222874	-0.168196	-0.169614
0.223851	-0.162431	-0.163558
0.224829	-0.156351	-0.157496
0.225806	-0.149968	-0.151428
0.226784	-0.143574	-0.145354
0.227761	-0.137458	-0.139274
0.228739	-0.131651	-0.133190
0.229717	-0.125918	-0.127100
0.230694	-0.119967	-0.121006
0.231672	-0.113683	-0.114907
0.232649	-0.107200	-0.108803
0.233627	-0.100780	-0.102696
0.234604	-0.094632	-0.096584
0.235582	-0.088778	-0.090469
0.236559	-0.083065	-0.084351
0.237537	-0.077266	-0.078229
0.238514	-0.071212	-0.072105
0.239492	-0.064866	-0.065978
0.240469	-0.058324	-0.059848
0.241447	-0.051750	-0.053716
0.242424	-0.045306	-0.047582
0.243402	-0.039094	-0.041446
0.244379	-0.033139	-0.035309
0.245357	-0.027395	-0.029170
0.246334	-0.021783	-0.023030
0.247312	-0.016216	-0.016889
0.248289	-0.010621	-0.010748
0.249267	-0.004954	-0.004606
0.250244	0.000808	0.001535
0.251222	0.006664	0.007677
0.252199	0.012602	0.013819
0.253177	0.018606	0.019960
0.254154	0.024658	0.026100
0.255132	0.030743	0.032239
0.256109	0.036849	0.038378
0.257087	0.042968	0.044514
0.258065	0.049093	0.050649
0.259042	0.055221	0.056782
0.260020	0.061350	0.062913
0.260997	0.067478	0.069042
0.261975	0.073604	0.075168
0.262952	0.079727	0.081291
0.263930	0.085848	0.087411
0.264907	0.091966	0.093527
0.265885	0.098080	0.099641
0.266862	0.104190	0.105750
0.267840	0.110297	0.111855
0.268817	0.116399	0.117957
0.269795	0.122497	0.124053
0.270772	0.128590	0.130146
0.271750	0.134679	0.136233
0.272727	0.140762	0.142315
0.273705	0.146840	0.148392
0.274682	0.152913	0.154463
0.275660	0.158980	0.160528
0.276637	0.165040	0.166587
0.277615	0.171095	0.172640
0.278592	0.177143	0.178686
0.279570	0.183185	0.184726
0.280547	0.189219	0.190759
0.281525	0.195247	0.196784
0.282502	0.201267	0.202802
0.283480	0.207279	0.208813
0.284457	0.213284	0.214815
0.285435	0.219280	0.220810
0.286413	0.225268	0.226796
0.287390	0.231248	0.232773
0.288368	0.237219	0.238742
0.289345	0.243181	0.244702
0.290323	0.249134	0.250653
0.291300	0.255078	0.256594
0.292278	0.261012	0.262525
0.293255	0.266936	0.268447
0.294233	0.272850	0.274358
0.295210	0.278754	0.280259
0.296188	0.284647	0.286149
0.297165	0.290529	0.292029
0.298143	0.296401	0.297898
0.299120	0.302261	0.303755
0.300098	0.308110	0.309601
0.301075	0.313947	0.315435
0.302053	0.319773	0.321258
0.303030	0.325586	0.327068
0.304008	0.331387	0.332866
0.304985	0.337176	0.338651
0.305963	0.342952	0.344424
0.306940	0.348715	0.350183
0.307918	0.354465	0.355930
0.308895	0.360201	0.361663
0.309873	0.365924	0.367382
0.310850	0.371633	0.373088
0.311828	0.377328	0.378779
0.312805	0.383009	0.384456
0.313783	0.388675	0.390119
0.314761	0.394327	0.395766
0.315738	0.399963	0.401399
0.316716	0.405585	0.407017
0.317693	0.411192	0.412620
0.318671	0.416782	0.418206
0.319648	0.422358	0.423778
0.320626	0.427917	0.429333
0.321603	0.433460	0.434872
0.322581	0.438987	0.440394
0.323558	0.444497	0.445900
0.324536	0.449990	0.451389
0.325513	0.455467	0.456861
0.326491	0.460926	0.462316
0.327468	0.466368	0.467753
0.328446	0.471792	0.473173
0.329423	0.477199	0.478575
0.330401	0.482587	0.483959
0.331378	0.487957	0.489324
0.332356	0.493309	0.494672
0.333333	0.498643	0.500000
0.334311	0.503957	0.505310
0.335288	0.509253	0.510600
0.336266	0.514529	0.515871
0.337243	0.519786	0.521123
0.338221	0.525023	0.526355
0.339198	0.530240	0.531568
0.340176	0.535438	0.536760
0.341153	0.540615	0.541932
0.342131	0.545772	0.547083
0.343109	0.550908	0.552214
0.344086	0.556023	0.557324
0.345064	0.561118	0.562414
0.346041	0.566191	0.567481
0.347019	0.571243	0.572528
0.347996	0.576273	0.577553
0.348974	0.581282	0.582556
0.349951	0.586269	0.587537
0.350929	0.591233	0.592496
0.351906	0.596176	0.597432
0.352884	0.601096	0.602346
0.353861	0.605993	0.607238
0.354839	0.610867	0.612106
0.355816	0.615718	0.616951
0.356794	0.620546	0.621773
0.357771	0.625351	0.626572
0.358749	0.630132	0.631347
0.359726	0.634889	0.636098
0.360704	0.639622	0.640825
0.361681	0.644332	0.645528
0.362659	0.649016	0.650207
0.363636	0.653677	0.654861
0.364614	0.658313	0.659490
0.365591	0.662923	0.664095
0.366569	0.667509	0.668674
0.367546	0.672070	0.673228
0.368524	0.676605	0.677757
0.369501	0.681115	0.682260
0.370479	0.685599	0.686738
0.371457	0.690058	0.691189
0.372434	0.694490	0.695615
0.373412	0.698896	0.700014
0.374389	0.703276	0.704387
0.375367	0.707629	0.708734
0.376344	0.711955	0.713053
0.377322	0.716255	0.717346
0.378299	0.720527	0.721611
0.379277	0.724773	0.725850
0.380254	0.728991	0.730061
0.381232	0.733181	0.734244
0.382209	0.737344	0.738400
0.383187	0.741479	0.742528
0.384164	0.745586	0.746628
0.385142	0.749665	0.750700
0.386119	0.753716	0.754743
0.387097	0.757738	0.758758
0.388074	0.761732	0.762744
0.389052	0.765697	0.766702
0.390029	0.769633	0.770631
0.391007	0.773540	0.774530
0.391984	0.777418	0.778401
0.392962	0.781266	0.782242
0.393939	0.785085	0.786053
0.394917	0.788875	0.789835
0.395894	0.792635	0.793587
0.396872	0.796364	0.797309
0.397849	0.800064	0.801001
0.398827	0.803734	0.804663
0.399804	0.807373	0.808294
0.400782	0.810982	0.811895
0.401760	0.814560	0.815466
0.402737	0.818107	0.819005
0.403715	0.821624	0.822514
0.404692	0.825109	0.825992
0.405670	0.828564	0.829438
0.406647	0.831987	0.832853
0.407625	0.835379	0.836237
0.408602	0.838739	0.839589
0.409580	0.842068	0.842910
0.410557	0.845365	0.846199
0.411535	0.848630	0.849455
0.412512	0.851863	0.852680
0.413490	0.855064	0.855873
0.414467	0.858232	0.859033
0.415445	0.861369	0.862161
0.416422	0.864472	0.865257
0.417400	0.867544	0.868319
0.418377	0.870582	0.871349
0.419355	0.873588	0.874347
0.420332	0.876560	0.877311
0.421310	0.879500	0.880242
0.422287	0.882406	0.883140
0.423265	0.885279	0.886004
0.424242	0.888119	0.888835
0.425220	0.890925	0.891633
0.426197	0.893698	0.894397
0.427175	0.896437	0.897127
0.428152	0.899142	0.899824
0.429130	0.901813	0.902486
0.430108	0.904450	0.905115
0.431085	0.907053	0.907709
0.432063	0.909622	0.910269
0.433040	0.912156	0.912794
0.434018	0.914656	0.915286
0.434995	0.917122	0.917742
0.435973	0.919553	0.920165
0.436950	0.921949	0.922552
0.437928	0.924311	0.924905
0.438905	0.926637	0.927222
0.439883	0.928929	0.929505
0.440860	0.931185	0.931753
0.441838	0.933407	0.933965
0.442815	0.935593	0.936142
0.443793	0.937744	0.938284
0.444770	0.939860	0.940391
0.445748	0.941940	0.942462
0.446725	0.943985	0.944497
0.447703	0.945994	0.946497
0.448680	0.947967	0.948462
0.449658	0.949905	0.950390
0.450635	0.951806	0.952283
0.451613	0.953672	0.954139
0.452590	0.955502	0.955960
0.453568	0.957296	0.957745
0.454545	0.959054	0.959493
0.455523	0.960775	0.961205
0.456500	0.962460	0.962881
0.457478	0.964109	0.964521
0.458456	0.965722	0.966124
0.459433	0.967298	0.967691
0.460411	0.968838	0.969221
0.461388	0.970341	0.970715
0.462366	0.971808	0.972172
0.463343	0.973237	0.973593
0.464321	0.974631	0.974977
0.465298	0.975987	0.976324
0.466276	0.977307	0.977634
0.467253	0.978589	0.978907
0.468231	0.979835	0.980144
0.469208	0.981044	0.981343
0.470186	0.982216	0.982505
0.471163	0.983351	0.983631
0.472141	0.984448	0.984719
0.473118	0.985509	0.985770
0.474096	0.986532	0.986784
0.475073	0.987518	0.987760
0.476051	0.988467	0.988700
0.477028	0.989379	0.989602
0.478006	0.990253	0.990467
0.478983	0.991090	0.991294
0.479961	0.991890	0.992084
0.480938	0.992652	0.992836
0.481916	0.993376	0.993552
0.482893	0.994064	0.994229
0.483871	0.994713	0.994869
0.484848	0.995326	0.995472
0.485826	0.995900	0.996037
0.486804	0.996437	0.996564
0.487781	0.996937	0.997054
0.488759	0.997399	0.997507
0.489736	0.997823	0.997921
0.490714	0.998210	0.998298
0.491691	0.998558	0.998638
0.492669	0.998870	0.998939
0.493646	0.999143	0.999203
0.494624	0.999379	0.999429
0.495601	0.999578	0.999618
0.496579	0.999738	0.999769
0.497556	0.999861	0.999882
0.498534	0.999946	0.999958
0.499511	0.999993	0.999995
0.500489	1.000003	0.999995
0.501466	0.999975	0.999958
0.502444	0.999909	0.999882
0.503421	0.999805	0.999769
0.504399	0.999664	0.999618
0.505376	0.999485	0.999429
0.506354	0.999269	0.999203
0.507331	0.999014	0.998939
0.508309	0.998722	0.998638
0.509286	0.998393	0.998298
0.510264	0.998025	0.997921
0.511241	0.997620	0.997507
0.512219	0.997177	0.997054
0.513196	0.996697	0.996564
0.514174	0.996179	0.996037
0.515152	0.995624	0.995472
0.516129	0.995031	0.994869
0.517107	0.994400	0.994229
0.518084	0.993732	0.993552
0.519062	0.993027	0.992836
0.520039	0.992284	0.992084
0.521017	0.991503	0.991294
0.521994	0.990685	0.990467
0.522972	0.989830	0.989602
0.523949	0.988938	0.988700
0.524927	0.988008	0.987760
0.525904	0.987041	0.986784
0.526882	0.986036	0.985770
0.527859	0.984995	0.984719
0.528837	0.983916	0.983631
0.529814	0.982800	0.982505
0.530792	0.981647	0.981343
0.531769	0.980457	0.980144
0.532747	0.979230	0.978907
0.533724	0.977967	0.977634
0.534702	0.976666	0.976324
0.535679	0.975328	0.974977
0.536657	0.973954	0.973593
0.537634	0.972543	0.972172
0.538612	0.971095	0.970715
0.539589	0.969610	0.969221
0.540567	0.968089	0.967691
0.541544	0.966532	0.966124
0.542522	0.964938	0.964521
0.543500	0.963307	0.962881
0.544477	0.961641	0.961205
0.545455	0.959938	0.959493
0.546432	0.958198	0.957745
0.547410	0.956423	0.955960
0.548387	0.954612	0.954139
0.549365	0.952764	0.952283
0.550342	0.950881	0.950390
0.551320	0.948961	0.948462
0.552297	0.947006	0.946497
0.553275	0.945016	0.944497
0.554252	0.942989	0.942462
0.555230	0.940927	0.940391
0.556207	0.938830	0.938284
0.557185	0.936697	0.936142
0.558162	0.934528	0.933965
0.559140	0.932325	0.931753
0.560117	0.930086	0.929505
0.561095	0.927812	0.927222
0.562072	0.925504	0.924905
0.563050	0.923160	0.922552
0.564027	0.920781	0.920165
0.565005	0.918368	0.917742
0.565982	0.915920	0.915286
0.566960	0.913438	0.912794
0.567937	0.910921	0.910269
0.568915	0.908370	0.907709
0.569892	0.905784	0.905115
0.570870	0.903164	0.902486
0.571848	0.900511	0.899824
0.572825	0.897823	0.897127
0.573803	0.895101	0.894397
0.574780	0.892346	0.891633
0.575758	0.889557	0.888835
0.576735	0.886734	0.886004
0.577713	0.883878	0.883140
0.578690	0.880989	0.880242
0.579668	0.878066	0.877311
0.580645	0.875110	0.874347
0.581623	0.872122	0.871349
0.582600	0.869100	0.868319
0.583578	0.866046	0.865257
0.584555	0.862959	0.862161
0.585533	0.859839	0.859033
0.586510	0.856687	0.855873
0.587488	0.853502	0.852680
0.588465	0.850286	0.849455
0.589443	0.847037	0.846199
0.590420	0.843756	0.842910
0.591398	0.840444	0.839589
0.592375	0.837100	0.836237
0.593353	0.833724	0.832853
0.594330	0.830317	0.829438
0.595308	0.826878	0.825992
0.596285	0.823409	0.822514
0.597263	0.819908	0.819005
0.598240	0.816376	0.815466
0.599218	0.812814	0.811895
0.600196	0.809220	0.808294
0.601173	0.805597	0.804663
0.602151	0.801943	0.801001
0.603128	0.798258	0.797309
0.604106	0.794544	0.793587
0.605083	0.790799	0.789835
0.606061	0.787025	0.786053
0.607038	0.783221	0.782242
0.608016	0.779388	0.778401
0.608993	0.775525	0.774530
0.609971	0.771633	0.770631
0.610948	0.767711	0.766702
0.611926	0.763761	0.762744
0.612903	0.759782	0.758758
0.613881	0.755775	0.754743
0.614858	0.751738	0.750700
0.615836	0.747674	0.746628
0.616813	0.743581	0.742528
0.617791	0.739460	0.738400
0.618768	0.735312	0.734244
0.619746	0.731135	0.730061
0.620723	0.726931	0.725850
0.621701	0.722700	0.721611
0.622678	0.718441	0.717346
0.623656	0.714155	0.713053
0.624633	0.709842	0.708734
0.625611	0.705503	0.704387
0.626588	0.701137	0.700014
0.627566	0.696744	0.695615
0.628543	0.692325	0.691189
0.629521	0.687880	0.686738
0.630499	0.683409	0.682260
0.631476	0.678913	0.677757
0.632454	0.674390	0.673228
0.633431	0.669843	0.668674
0.634409	0.665270	0.664095
0.635386	0.660671	0.659490
0.636364	0.656048	0.654861
0.637341	0.651401	0.650207
0.638319	0.646728	0.645528
0.639296	0.642031	0.640825
0.640274	0.637310	0.636098
0.641251	0.632565	0.631347
0.642229	0.627796	0.626572
0.643206	0.623004	0.621773
0.644184	0.618188	0.616951
0.645161	0.613348	0.612106
0.646139	0.608486	0.607238
0.647116	0.603600	0.602346
0.648094	0.598692	0.597432
0.649071	0.593761	0.592496
0.650049	0.588808	0.587537
0.651026	0.583833	0.582556
0.652004	0.578835	0.577553
0.652981	0.573816	0.572528
0.653959	0.568775	0.567481
0.654936	0.563712	0.562414
0.655914	0.558629	0.557324
0.656891	0.553524	0.552214
0.657869	0.548398	0.547083
0.658847	0.543252	0.541932
0.659824	0.538085	0.536760
0.660802	0.532898	0.531568
0.661779	0.527691	0.526355
0.662757	0.522464	0.521123
0.663734	0.517217	0.515871
0.664712	0.511951	0.510600
0.665689	0.506665	0.505310
0.666667	0.501360	0.500000
0.667644	0.496036	0.494672
0.668622	0.490694	0.489324
0.669599	0.485333	0.483959
0.670577	0.479954	0.478575
0.671554	0.474557	0.473173
0.672532	0.469141	0.467753
0.673509	0.463709	0.462316
0.674487	0.458258	0.456861
0.675464	0.452790	0.451389
0.676442	0.447306	0.445900
0.677419	0.441804	0.440394
0.678397	0.436286	0.434872
0.679374	0.430751	0.429333
0.680352	0.425200	0.423778
0.681329	0.419633	0.418206
0.682307	0.414050	0.412620
0.683284	0.408451	0.407017
0.684262	0.402838	0.401399
0.685239	0.397208	0.395766
0.686217	0.391564	0.390119
0.687195	0.385905	0.384456
0.688172	0.380232	0.378779
0.689150	0.374544	0.373088
0.690127	0.368842	0.367382
0.691105	0.363127	0.361663
0.692082	0.357397	0.355930
0.693060	0.351654	0.350183
0.694037	0.345898	0.344424
0.695015	0.340128	0.338651
0.695992	0.334346	0.332866
0.696970	0.328552	0.327068
0.697947	0.322744	0.321258
0.698925	0.316925	0.315435
0.699902	0.311094	0.309601
0.700880	0.305251	0.303755
0.701857	0.299396	0.297898
0.702835	0.293530	0.292029
0.703812	0.287654	0.286149
0.704790	0.281766	0.280259
0.705767	0.275867	0.274358
0.706745	0.269959	0.268447
0.707722	0.264040	0.262525
0.708700	0.258111	0.256594
0.709677	0.252172	0.250653
0.710655	0.246224	0.244702
0.711632	0.240266	0.238742
0.712610	0.234300	0.232773
0.713587	0.228325	0.226796
0.714565	0.222341	0.220810
0.715543	0.216348	0.214815
0.716520	0.210348	0.208813
0.717498	0.204339	0.202802
0.718475	0.198323	0.196784
0.719453	0.192299	0.190759
0.720430	0.186269	0.184726
0.721408	0.180231	0.178686
0.722385	0.174186	0.172640
0.723363	0.168135	0.166587
0.724340	0.162077	0.160528
0.725318	0.156013	0.154463
0.726295	0.149944	0.148392
0.727273	0.143868	0.142315
0.728250	0.137788	0.136233
0.729228	0.131702	0.130146
0.730205	0.125611	0.124053
0.731183	0.119515	0.117957
0.732160	0.113415	0.111855
0.733138	0.107311	0.105750
0.734115	0.101202	0.099641
0.735093	0.095090	0.093527
0.736070	0.088974	0.087411
0.737048	0.082854	0.081291
0.738025	0.076732	0.075168
0.739003	0.070606	0.069042
0.739980	0.064476	0.062913
0.740958	0.058343	0.056782
0.741935	0.052205	0.050649
0.742913	0.046061	0.044514
0.743891	0.039906	0.038378
0.744868	0.033736	0.032239
0.745846	0.027542	0.026100
0.746823	0.021314	0.019960
0.747801	0.015036	0.013819
0.748778	0.008691	0.007677
0.749756	0.002263	0.001535
0.750733	-0.004260	-0.004606
0.751711	-0.010876	-0.010748
0.752688	-0.017564	-0.016889
0.753666	-0.024279	-0.023030
0.754643	-0.030947	-0.029170
0.755621	-0.037482	-0.035309
0.756598	-0.043802	-0.041446
0.757576	-0.049864	-0.047582
0.758553	-0.055690	-0.053716
0.759531	-0.061382	-0.059848
0.760508	-0.067102	-0.065978
0.761486	-0.073013	-0.072105
0.762463	-0.079211	-0.078229
0.763441	-0.085658	-0.084351
0.764418	-0.092185	-0.090469
0.765396	-0.098565	-0.096584
0.766373	-0.104643	-0.102696
0.767351	-0.110442	-0.108803
0.768328	-0.116169	-0.114907
0.769306	-0.122088	-0.121006
0.770283	-0.128331	-0.127100
0.771261	-0.134781	-0.133190
0.772239	-0.141149	-0.139274
0.773216	-0.147197	-0.145354
0.774194	-0.152956	-0.151428
0.775171	-0.158715	-0.157496
0.776149	-0.164766	-0.163558
0.777126	-0.171119	-0.169614
0.778104	-0.177474	-0.175664
0.779081	-0.183516	-0.181707
0.780059	-0.189248	-0.187743
0.781036	-0.195011	-0.193772
0.782014	-0.201109	-0.199794
0.782991	-0.207453	-0.205809
0.783969	-0.213647	-0.211815
0.784946	-0.219464	-0.217814
0.785924	-0.225138	-0.223804
0.786901	-0.231081	-0.229786
0.787879	-0.237345	-0.235759
0.788856	-0.243538	-0.241723
0.789834	-0.249347	-0.247678
0.790811	-0.254984	-0.253624
0.791789	-0.260898	-0.259561
0.792766	-0.267123	-0.265487
0.793744	-0.273213	-0.271404
0.794721	-0.278908	-0.277310
0.795699	-0.284542	-0.283206
0.796676	-0.290535	-0.289091
0.797654	-0.296714	-0.294965
0.798631	-0.302583	-0.300828
0.799609	-0.308139	-0.306680
0.800587	-0.313889	-0.312520
0.801564	-0.319991	-0.318348
0.802542	-0.325971	-0.324164
0.803519	-0.331544	-0.329968
0.804497	-0.337134	-0.335760
0.805474	-0.343114	-0.341539
0.806452	-0.349115	-0.347305
0.807429	-0.354703	-0.353058
0.808407	-0.360200	-0.358798
0.809384	-0.366080	-0.364524
0.810362	-0.372047	-0.370237
0.811339	-0.377605	-0.375935
0.812317	-0.383044	-0.381619
0.813294	-0.388868	-0.387289
0.814272	-0.394766	-0.392944
0.815249	-0.400243	-0.398585
0.816227	-0.405651	-0.404210
0.817204	-0.411458	-0.409820
0.818182	-0.417249	-0.415415
0.819159	-0.422608	-0.420994
0.820137	-0.428028	-0.426557
0.821114	-0.433832	-0.432104
0.822092	-0.439454	-0.437635
0.823069	-0.444698	-0.443149
0.824047	-0.450190	-0.448647
0.825024	-0.455950	-0.454127
0.826002	-0.461340	-0.459591
0.826979	-0.466544	-0.465037
0.827957	-0.472145	-0.470465
0.828935	-0.477740	-0.475876
0.829912	-0.482898	-0.481269
0.830890	-0.488201	-0.486644
0.831867	-0.493834	-0.492000
0.832845	-0.499125	-0.497338
0.833822	-0.504204	-0.502657
0.834800	-0.509684	-0.507957
0.835777	-0.515121	-0.513238
0.836755	-0.520132	-0.518500
0.837732	-0.525373	-0.523742
0.838710	-0.530858	-0.528964
0.839687	-0.535916	-0.534166
0.840665	-0.540940	-0.539348
0.841642	-0.546360	-0.544510
0.842620	-0.551502	-0.549652
0.843597	-0.556380	-0.554772
0.844575	-0.561661	-0.559872
0.845552	-0.566865	-0.564950
0.846530	-0.571665	-0.570007
0.847507	-0.576784	-0.575043
0.848485	-0.582004	-0.580057
0.849462	-0.586768	-0.585049
0.850440	-0.591731	-0.590019
0.851417	-0.596927	-0.594967
0.852395	-0.601669	-0.599892
0.853372	-0.606498	-0.604795
0.854350	-0.611640	-0.609675
0.855327	-0.616355	-0.614532
0.856305	-0.621073	-0.619365
0.857283	-0.626147	-0.624176
0.858260	-0.630821	-0.628962
0.859238	-0.635447	-0.633725
0.860215	-0.640448	-0.638465
0.861193	-0.645061	-0.643180
0.862170	-0.649612	-0.647870
0.863148	-0.654539	-0.652537
0.864125	-0.659072	-0.657179
0.865103	-0.663562	-0.661795
0.866080	-0.668415	-0.666387
0.867058	-0.672849	-0.670954
0.868035	-0.677295	-0.675496
0.869013	-0.682067	-0.680012
0.869990	-0.686388	-0.684502
0.870968	-0.690810	-0.688967
0.871945	-0.695486	-0.693406
0.872923	-0.699688	-0.697818
0.873900	-0.704105	-0.702204
0.874878	-0.708658	-0.706564
0.875855	-0.712752	-0.710897
0.876833	-0.717176	-0.715203
0.877810	-0.721571	-0.719482
0.878788	-0.725586	-0.723734
0.879765	-0.730013	-0.727959
0.880743	-0.734214	-0.732156
0.881720	-0.738201	-0.736326
0.882698	-0.742596	-0.740468
0.883675	-0.746587	-0.744582
0.884653	-0.750607	-0.748667
0.885630	-0.754897	-0.752725
0.886608	-0.758706	-0.756754
0.887586	-0.762796	-0.760755
0.888563	-0.766890	-0.764727
0.889541	-0.770603	-0.768670
0.890518	-0.774738	-0.772584
0.891496	-0.778569	-0.776469
0.892473	-0.782306	-0.780325
0.893451	-0.786378	-0.784151
0.894428	-0.789969	-0.787948
0.895406	-0.793813	-0.791715
0.896383	-0.797669	-0.795452
0.897361	-0.801154	-0.799159
0.898338	-0.805065	-0.802836
0.899316	-0.808614	-0.806482
0.900293	-0.812170	-0.810099
0.901271	-0.815969	-0.813684
0.902248	-0.819290	-0.817239
0.903226	-0.822984	-0.820763
0.904203	-0.826477	-0.824257
0.905181	-0.829799	-0.827719
0.906158	-0.833474	-0.831150
0.907136	-0.836662	-0.834549
0.908113	-0.840148	-0.837917
0.909091	-0.843538	-0.841254
0.910068	-0.846670	-0.844558
0.911046	-0.850192	-0.847831
0.912023	-0.853235	-0.851072
0.913001	-0.856545	-0.854281
0.913978	-0.859783	-0.857457
0.914956	-0.862757	-0.860601
0.915934	-0.866116	-0.863713
0.916911	-0.868989	-0.866792
0.917889	-0.872160	-0.869839
0.918866	-0.875201	-0.872852
0.919844	-0.878044	-0.875833
0.920821	-0.881226	-0.878780
0.921799	-0.883914	-0.881695
0.922776	-0.886976	-0.884576
0.923754	-0.889772	-0.887424
0.924731	-0.892528	-0.890238
0.925709	-0.895492	-0.893019
0.926686	-0.898015	-0.895766
0.927664	-0.900965	-0.898480
0.928641	-0.903487	-0.901159
0.929619	-0.906204	-0.903805
0.930596	-0.908879	-0.906416
0.931574	-0.911307	-0.908993
0.932551	-0.914081	-0.911536
0.933529	-0.916362	-0.914044
0.934506	-0.919044	-0.916518
0.935484	-0.921372	-0.918958
0.936461	-0.923804	-0.921363
0.937439	-0.926268	-0.923733
0.938416	-0.928441	-0.926068
0.939394	-0.930974	-0.928368
0.940371	-0.933013	-0.930633
0.941349	-0.935458	-0.932863
0.942326	-0.937520	-0.935058
0.943304	-0.939744	-0.937218
0.944282	-0.941915	-0.939342
0.945259	-0.943889	-0.941431
0.946237	-0.946142	-0.943484
0.947214	-0.947940	-0.945502
0.948192	-0.950166	-0.947484
0.949169	-0.951912	-0.949430
0.950147	-0.953990	-0.951341
0.951124	-0.955784	-0.953215
0.952102	-0.957643	-0.955054
0.953079	-0.959522	-0.956857
0.954057	-0.961162	-0.958623
0.955034	-0.963091	-0.960354
0.956012	-0.964571	-0.962048
0.956989	-0.966474	-0.963706
0.957967	-0.967879	-0.965327
0.958944	-0.969669	-0.966912
0.959922	-0.971076	-0.968461
0.960899	-0.972693	-0.969973
0.961877	-0.974144	-0.971448
0.962854	-0.975563	-0.972887
0.963832	-0.977063	-0.974289
0.964809	-0.978298	-0.975655
0.965787	-0.979817	-0.976983
0.966764	-0.980907	-0.978275
0.967742	-0.982401	-0.979530
0.968719	-0.983393	-0.980748
0.969697	-0.984812	-0.981929
0.970674	-0.985753	-0.983073
0.971652	-0.987057	-0.984179
0.972630	-0.987980	-0.985249
0.973607	-0.989141	-0.986281
0.974585	-0.990066	-0.987277
0.975562	-0.991073	-0.988235
0.976540	-0.992004	-0.989155
0.977517	-0.992858	-0.990039
0.978495	-0.993788	-0.990885
0.979472	-0.994499	-0.991694
0.980450	-0.995416	-0.992465
0.981427	-0.995999	-0.993199
0.982405	-0.996886	-0.993895
0.983382	-0.997356	-0.994554
0.984360	-0.998199	-0.995175
0.985337	-0.998571	-0.995759
0.986315	-0.999355	-0.996305
0.987292	-0.999641	-0.996814
0.988270	-1.000356	-0.997285
0.989247	-1.000565	-0.997719
0.990225	-1.001202	-0.998114
0.991202	-1.001341	-0.998473
0.992180	-1.001897	-0.998793
0.993157	-1.001967	-0.999076
0.994135	-1.002440	-0.999321
0.995112	-1.002443	-0.999528
0.996090	-1.002833	-0.999698
0.997067	-1.002767	-0.999830
0.998045	-1.003076	-0.999925
0.999022	-1.002939	-0.999981
1.000000	-1.003170	-1.000000
