x	 u	 u_exact
0.000000	-0.003142	0.000000
0.000978	-0.009283	-0.006142
0.001955	-0.015425	-0.012284
0.002933	-0.021565	-0.018425
0.003910	-0.027706	-0.024565
0.004888	-0.033844	-0.030705
0.005865	-0.039983	-0.036843
0.006843	-0.046118	-0.042980
0.007820	-0.052254	-0.049116
0.008798	-0.058384	-0.055249
0.009775	-0.064517	-0.061381
0.010753	-0.070642	-0.067510
0.011730	-0.076771	-0.073636
0.012708	-0.082889	-0.079760
0.013685	-0.089012	-0.085881
0.014663	-0.095124	-0.091999
0.015640	-0.101241	-0.098113
0.016618	-0.107344	-0.104223
0.017595	-0.113454	-0.110330
0.018573	-0.119549	-0.116432
0.019550	-0.125650	-0.122530
0.020528	-0.131735	-0.128623
0.021505	-0.137826	-0.134711
0.022483	-0.143901	-0.140795
0.023460	-0.149982	-0.146873
0.024438	-0.156046	-0.152945
0.025415	-0.162115	-0.159012
0.026393	-0.168168	-0.165073
0.027370	-0.174224	-0.171127
0.028348	-0.180264	-0.177175
0.029326	-0.186306	-0.183217
0.030303	-0.192334	-0.189251
0.031281	-0.198359	-0.195279
0.032258	-0.204374	-0.201299
0.033236	-0.210383	-0.207311
0.034213	-0.216384	-0.213315
0.035191	-0.222374	-0.219312
0.036168	-0.228362	-0.225300
0.037146	-0.234332	-0.231280
0.038123	-0.240305	-0.237251
0.039101	-0.246254	-0.243213
0.040078	-0.252211	-0.249166
0.041056	-0.258140	-0.255109
0.042033	-0.264080	-0.261043
0.043011	-0.269987	-0.266967
0.043988	-0.275908	-0.272881
0.044966	-0.281793	-0.278785
0.045943	-0.287694	-0.284678
0.046921	-0.293558	-0.290560
0.047898	-0.299436	-0.296432
0.048876	-0.305279	-0.302292
0.049853	-0.311132	-0.308141
0.050831	-0.316955	-0.313978
0.051808	-0.322780	-0.319803
0.052786	-0.328584	-0.325617
0.053763	-0.334379	-0.331418
0.054741	-0.340163	-0.337206
0.055718	-0.345927	-0.342982
0.056696	-0.351692	-0.348745
0.057674	-0.357423	-0.354494
0.058651	-0.363166	-0.360231
0.059629	-0.368866	-0.365954
0.060606	-0.374585	-0.371662
0.061584	-0.380255	-0.377357
0.062561	-0.385946	-0.383038
0.063539	-0.391588	-0.388704
0.064516	-0.397247	-0.394356
0.065494	-0.402864	-0.399993
0.066471	-0.408487	-0.405614
0.067449	-0.414080	-0.411220
0.068426	-0.419663	-0.416811
0.069404	-0.425234	-0.422386
0.070381	-0.430776	-0.427945
0.071359	-0.436324	-0.433488
0.072336	-0.441826	-0.439015
0.073314	-0.447347	-0.444525
0.074291	-0.452810	-0.450018
0.075269	-0.458299	-0.455495
0.076246	-0.463729	-0.460954
0.077224	-0.469180	-0.466396
0.078201	-0.474581	-0.471820
0.079179	-0.479987	-0.477226
0.080156	-0.485363	-0.482615
0.081134	-0.490720	-0.487985
0.082111	-0.496073	-0.493337
0.083089	-0.501380	-0.498670
0.084066	-0.506705	-0.503984
0.085044	-0.511967	-0.509279
0.086022	-0.517258	-0.514555
0.086999	-0.522481	-0.519812
0.087977	-0.527729	-0.525049
0.088954	-0.532920	-0.530266
0.089932	-0.538116	-0.535464
0.090909	-0.543282	-0.540641
0.091887	-0.548420	-0.545798
0.092864	-0.553561	-0.550934
0.093842	-0.558644	-0.556049
0.094819	-0.563754	-0.561143
0.095797	-0.568788	-0.566216
0.096774	-0.573855	-0.571268
0.097752	-0.578853	-0.576298
0.098729	-0.583865	-0.581307
0.099707	-0.588834	-0.586294
0.100684	-0.593783	-0.591258
0.101662	-0.598728	-0.596200
0.102639	-0.603613	-0.601120
0.103617	-0.608527	-0.606017
0.104594	-0.613359	-0.610891
0.105572	-0.618227	-0.615742
0.106549	-0.623020	-0.620570
0.107527	-0.627826	-0.625374
0.108504	-0.632592	-0.630155
0.109482	-0.637328	-0.634912
0.110459	-0.642069	-0.639646
0.111437	-0.646737	-0.644355
0.112414	-0.651442	-0.649039
0.113392	-0.656057	-0.653700
0.114370	-0.660707	-0.658335
0.115347	-0.665288	-0.662946
0.116325	-0.669865	-0.667532
0.117302	-0.674422	-0.672092
0.118280	-0.678922	-0.676627
0.119257	-0.683450	-0.681137
0.120235	-0.687885	-0.685621
0.121212	-0.692363	-0.690079
0.122190	-0.696757	-0.694511
0.123167	-0.701161	-0.698917
0.124145	-0.705531	-0.703296
0.125122	-0.709851	-0.707649
0.126100	-0.714195	-0.711976
0.127077	-0.718443	-0.716275
0.128055	-0.722738	-0.720548
0.129032	-0.726941	-0.724793
0.130010	-0.731160	-0.729011
0.130987	-0.735338	-0.733201
0.131965	-0.739467	-0.737364
0.132942	-0.743621	-0.741499
0.133920	-0.747674	-0.745606
0.134897	-0.751776	-0.749684
0.135875	-0.755784	-0.753735
0.136852	-0.759803	-0.757757
0.137830	-0.763790	-0.761751
0.138807	-0.767714	-0.765715
0.139785	-0.771673	-0.769651
0.140762	-0.775523	-0.773558
0.141740	-0.779421	-0.777436
0.142717	-0.783234	-0.781284
0.143695	-0.787038	-0.785103
0.144673	-0.790833	-0.788892
0.145650	-0.794540	-0.792652
0.146628	-0.798298	-0.796381
0.147605	-0.801943	-0.800081
0.148583	-0.805621	-0.803750
0.149560	-0.809242	-0.807389
0.150538	-0.812814	-0.810998
0.151515	-0.816415	-0.814576
0.152493	-0.819901	-0.818123
0.153470	-0.823442	-0.821640
0.154448	-0.826888	-0.825125
0.155425	-0.830325	-0.828579
0.156403	-0.833758	-0.832002
0.157380	-0.837091	-0.835394
0.158358	-0.840482	-0.838754
0.159335	-0.843757	-0.842083
0.160313	-0.847053	-0.845379
0.161290	-0.850313	-0.848644
0.162268	-0.853494	-0.851877
0.163245	-0.856726	-0.855078
0.164223	-0.859832	-0.858246
0.165200	-0.862980	-0.861382
0.166178	-0.866066	-0.864486
0.167155	-0.869093	-0.867557
0.168133	-0.872161	-0.870595
0.169110	-0.875099	-0.873600
0.170088	-0.878091	-0.876573
0.171065	-0.881004	-0.879512
0.172043	-0.883872	-0.882418
0.173021	-0.886773	-0.885291
0.173998	-0.889542	-0.888131
0.174976	-0.892372	-0.890937
0.175953	-0.895114	-0.893709
0.176931	-0.897816	-0.896448
0.177908	-0.900549	-0.899153
0.178886	-0.903148	-0.901824
0.179863	-0.905810	-0.904461
0.180841	-0.908382	-0.907063
0.181818	-0.910911	-0.909632
0.182796	-0.913476	-0.912166
0.183773	-0.915903	-0.914666
0.184751	-0.918390	-0.917131
0.185728	-0.920796	-0.919562
0.186706	-0.923145	-0.921958
0.187683	-0.925542	-0.924320
0.188661	-0.927796	-0.926646
0.189638	-0.930102	-0.928938
0.190616	-0.932345	-0.931194
0.191593	-0.934508	-0.933415
0.192571	-0.936735	-0.935601
0.193548	-0.938817	-0.937752
0.194526	-0.940932	-0.939868
0.195503	-0.943017	-0.941948
0.196481	-0.944990	-0.943992
0.197458	-0.947040	-0.946001
0.198436	-0.948958	-0.947974
0.199413	-0.950872	-0.949911
0.200391	-0.952800	-0.951813
0.201369	-0.954585	-0.953678
0.202346	-0.956445	-0.955508
0.203324	-0.958209	-0.957302
0.204301	-0.959915	-0.959059
0.205279	-0.961679	-0.960781
0.206256	-0.963288	-0.962466
0.207234	-0.964942	-0.964114
0.208211	-0.966559	-0.965727
0.209189	-0.968057	-0.967303
0.210166	-0.969641	-0.968842
0.211144	-0.971093	-0.970345
0.212121	-0.972524	-0.971812
0.213099	-0.973991	-0.973241
0.214076	-0.975300	-0.974634
0.215054	-0.976674	-0.975990
0.216031	-0.977988	-0.977310
0.217009	-0.979195	-0.978592
0.217986	-0.980489	-0.979838
0.218964	-0.981641	-0.981047
0.219941	-0.982779	-0.982218
0.220919	-0.983953	-0.983353
0.221896	-0.984964	-0.984450
0.222874	-0.986041	-0.985511
0.223851	-0.987064	-0.986534
0.224829	-0.987968	-0.987520
0.225806	-0.988965	-0.988468
0.226784	-0.989829	-0.989380
0.227761	-0.990655	-0.990254
0.228739	-0.991541	-0.991091
0.229717	-0.992257	-0.991890
0.230694	-0.993017	-0.992652
0.231672	-0.993764	-0.993376
0.232649	-0.994359	-0.994063
0.233627	-0.995044	-0.994713
0.234604	-0.995638	-0.995325
0.235582	-0.996136	-0.995899
0.236559	-0.996728	-0.996436
0.237537	-0.997169	-0.996935
0.238514	-0.997587	-0.997397
0.239492	-0.998063	-0.997821
0.240469	-0.998363	-0.998208
0.241447	-0.998707	-0.998556
0.242424	-0.999048	-0.998867
0.243402	-0.999225	-0.999141
0.244379	-0.999489	-0.999376
0.245357	-0.999686	-0.999574
0.246334	-0.999755	-0.999735
0.247312	-0.999929	-0.999857
0.248289	-0.999980	-0.999942
0.249267	-0.999954	-0.999989
0.250244	-1.000025	-0.999999
0.251222	-0.999934	-0.999971
0.252199	-0.999820	-0.999905
0.253177	-0.999776	-0.999801
0.254154	-0.999549	-0.999659
0.255132	-0.999349	-0.999480
0.256109	-0.999181	-0.999263
0.257087	-0.998829	-0.999009
0.258065	-0.998540	-0.998717
0.259042	-0.998244	-0.998387
0.260020	-0.997773	-0.998019
0.260997	-0.997392	-0.997614
0.261975	-0.996965	-0.997171
0.262952	-0.996381	-0.996690
0.263930	-0.995903	-0.996172
0.264907	-0.995347	-0.995617
0.265885	-0.994653	-0.995023
0.266862	-0.994074	-0.994393
0.267840	-0.993391	-0.993724
0.268817	-0.992590	-0.993019
0.269795	-0.991906	-0.992276
0.270772	-0.991099	-0.991495
0.271750	-0.990190	-0.990677
0.272727	-0.989399	-0.989821
0.273705	-0.988472	-0.988929
0.274682	-0.987454	-0.987999
0.275660	-0.986555	-0.987031
0.276637	-0.985510	-0.986027
0.277615	-0.984383	-0.984985
0.278592	-0.983374	-0.983906
0.279570	-0.982217	-0.982790
0.280547	-0.980977	-0.981637
0.281525	-0.979858	-0.980447
0.282502	-0.978591	-0.979220
0.283480	-0.977238	-0.977956
0.284457	-0.976007	-0.976655
0.285435	-0.974636	-0.975317
0.286413	-0.973166	-0.973942
0.287390	-0.971823	-0.972531
0.288368	-0.970352	-0.971083
0.289345	-0.968764	-0.969598
0.290323	-0.967307	-0.968077
0.291300	-0.965740	-0.966519
0.292278	-0.964035	-0.964925
0.293255	-0.962459	-0.963295
0.294233	-0.960802	-0.961628
0.295210	-0.958981	-0.959924
0.296188	-0.957281	-0.958185
0.297165	-0.955537	-0.956409
0.298143	-0.953605	-0.954598
0.299120	-0.951775	-0.952750
0.300098	-0.949945	-0.950867
0.301075	-0.947911	-0.948947
0.302053	-0.945944	-0.946992
0.303030	-0.944027	-0.945001
0.304008	-0.941901	-0.942974
0.304985	-0.939793	-0.940912
0.305963	-0.937781	-0.938814
0.306940	-0.935577	-0.936681
0.307918	-0.933326	-0.934513
0.308895	-0.931207	-0.932309
0.309873	-0.928938	-0.930070
0.310850	-0.926551	-0.927796
0.311828	-0.924307	-0.925487
0.312805	-0.921981	-0.923143
0.313783	-0.919475	-0.920765
0.314761	-0.917085	-0.918351
0.315738	-0.914701	-0.915903
0.316716	-0.912103	-0.913421
0.317693	-0.909553	-0.910903
0.318671	-0.907093	-0.908352
0.319648	-0.904433	-0.905766
0.320626	-0.901722	-0.903146
0.321603	-0.899156	-0.900492
0.322581	-0.896458	-0.897805
0.323558	-0.893608	-0.895083
0.324536	-0.890896	-0.892327
0.325513	-0.888164	-0.889538
0.326491	-0.885218	-0.886715
0.327468	-0.882332	-0.883859
0.328446	-0.879540	-0.880969
0.329423	-0.876548	-0.878047
0.330401	-0.873489	-0.875091
0.331378	-0.870584	-0.872102
0.332356	-0.867578	-0.869080
0.333333	-0.864388	-0.866025
0.334311	-0.861312	-0.862938
0.335288	-0.858282	-0.859818
0.336266	-0.855031	-0.856666
0.337243	-0.851763	-0.853481
0.338221	-0.848645	-0.850265
0.339198	-0.845393	-0.847016
0.340176	-0.841974	-0.843735
0.341153	-0.838686	-0.840422
0.342131	-0.835431	-0.837078
0.343109	-0.831952	-0.833702
0.344086	-0.828459	-0.830295
0.345064	-0.825120	-0.826856
0.346041	-0.821659	-0.823386
0.347019	-0.818015	-0.819885
0.347996	-0.814491	-0.816353
0.348974	-0.811032	-0.812791
0.349951	-0.807357	-0.809197
0.350929	-0.803620	-0.805574
0.351906	-0.800050	-0.801919
0.352884	-0.796416	-0.798235
0.353861	-0.792565	-0.794520
0.354839	-0.788774	-0.790776
0.355816	-0.785117	-0.787001
0.356794	-0.781291	-0.783197
0.357771	-0.777311	-0.779364
0.358749	-0.773473	-0.775501
0.359726	-0.769689	-0.771608
0.360704	-0.765683	-0.767687
0.361681	-0.761610	-0.763737
0.362659	-0.757709	-0.759757
0.363636	-0.753777	-0.755750
0.364614	-0.749614	-0.751713
0.365591	-0.745464	-0.747649
0.366569	-0.741482	-0.743556
0.367546	-0.737399	-0.739435
0.368524	-0.733102	-0.735286
0.369501	-0.728877	-0.731109
0.370479	-0.724798	-0.726905
0.371457	-0.720572	-0.722674
0.372434	-0.716156	-0.718415
0.373412	-0.711849	-0.714129
0.374389	-0.707667	-0.709816
0.375367	-0.703312	-0.705476
0.376344	-0.698787	-0.701110
0.377322	-0.694388	-0.696717
0.378299	-0.690103	-0.692298
0.379277	-0.685634	-0.687853
0.380254	-0.681002	-0.683382
0.381232	-0.676500	-0.678885
0.382209	-0.672115	-0.674363
0.383187	-0.667550	-0.669815
0.384164	-0.662813	-0.665242
0.385142	-0.658196	-0.660644
0.386119	-0.653713	-0.656020
0.387097	-0.649071	-0.651372
0.388074	-0.644233	-0.646700
0.389052	-0.639489	-0.642003
0.390029	-0.634905	-0.637282
0.391007	-0.630203	-0.632537
0.391984	-0.625279	-0.627768
0.392962	-0.620396	-0.622975
0.393939	-0.615698	-0.618159
0.394917	-0.610951	-0.613319
0.395894	-0.605965	-0.608457
0.396872	-0.600940	-0.603571
0.397849	-0.596103	-0.598663
0.398827	-0.591310	-0.593732
0.399804	-0.586299	-0.588779
0.400782	-0.581149	-0.583803
0.401760	-0.576142	-0.578805
0.402737	-0.571276	-0.573786
0.403715	-0.566273	-0.568745
0.404692	-0.561048	-0.563682
0.405670	-0.555854	-0.558599
0.406647	-0.550857	-0.553494
0.407625	-0.545863	-0.548368
0.408602	-0.540641	-0.543222
0.409580	-0.535294	-0.538055
0.410557	-0.530094	-0.532868
0.411535	-0.525047	-0.527660
0.412512	-0.519885	-0.522433
0.413490	-0.514490	-0.517186
0.414467	-0.509074	-0.511920
0.415445	-0.503853	-0.506634
0.416422	-0.498715	-0.501329
0.417400	-0.493395	-0.496005
0.418377	-0.487872	-0.490663
0.419355	-0.482397	-0.485302
0.420332	-0.477124	-0.479923
0.421310	-0.471888	-0.474525
0.422287	-0.466444	-0.469110
0.423265	-0.460819	-0.463677
0.424242	-0.455269	-0.458227
0.425220	-0.449921	-0.452759
0.426197	-0.444600	-0.447274
0.427175	-0.439073	-0.441772
0.428152	-0.433360	-0.436254
0.429130	-0.427708	-0.430719
0.430108	-0.422261	-0.425168
0.431085	-0.416875	-0.419601
0.432063	-0.411308	-0.414018
0.433040	-0.405528	-0.408419
0.434018	-0.399751	-0.402805
0.434995	-0.394169	-0.397176
0.435973	-0.388718	-0.391532
0.436950	-0.383156	-0.385873
0.437928	-0.377359	-0.380200
0.438905	-0.371461	-0.374512
0.439883	-0.365697	-0.368810
0.440860	-0.360131	-0.363094
0.441838	-0.354589	-0.357364
0.442815	-0.348855	-0.351621
0.443793	-0.342910	-0.345865
0.444770	-0.336950	-0.340096
0.445748	-0.331169	-0.334313
0.446725	-0.325562	-0.328519
0.447703	-0.319931	-0.322711
0.448680	-0.314091	-0.316892
0.449658	-0.308055	-0.311061
0.450635	-0.302017	-0.305218
0.451613	-0.296158	-0.299363
0.452590	-0.290480	-0.293497
0.453568	-0.284804	-0.287620
0.454545	-0.278943	-0.281733
0.455523	-0.272866	-0.275834
0.456500	-0.266724	-0.269925
0.457478	-0.260712	-0.264006
0.458456	-0.254906	-0.258077
0.459433	-0.249202	-0.252139
0.460411	-0.243408	-0.246190
0.461388	-0.237398	-0.240233
0.462366	-0.231208	-0.234266
0.463343	-0.225000	-0.228291
0.464321	-0.218945	-0.222307
0.465298	-0.213090	-0.216315
0.466276	-0.207340	-0.210314
0.467253	-0.201521	-0.204306
0.468231	-0.195505	-0.198289
0.469208	-0.189287	-0.192266
0.470186	-0.182986	-0.186235
0.471163	-0.176764	-0.180197
0.472141	-0.170728	-0.174152
0.473118	-0.164874	-0.168101
0.474096	-0.159091	-0.162043
0.475073	-0.153234	-0.155979
0.476051	-0.147192	-0.149910
0.477028	-0.140949	-0.143835
0.478006	-0.134583	-0.137754
0.478983	-0.128223	-0.131668
0.479961	-0.121988	-0.125577
0.480938	-0.115939	-0.119481
0.481916	-0.110059	-0.113381
0.482893	-0.104264	-0.107277
0.483871	-0.098443	-0.101168
0.484848	-0.092496	-0.095056
0.485826	-0.086367	-0.088940
0.486804	-0.080060	-0.082821
0.487781	-0.073625	-0.076699
0.488759	-0.067141	-0.070573
0.489736	-0.060695	-0.064445
0.490714	-0.054355	-0.058315
0.491691	-0.048162	-0.052183
0.492669	-0.042123	-0.046048
0.493646	-0.036218	-0.039912
0.494624	-0.030406	-0.033774
0.495601	-0.024638	-0.027635
0.496579	-0.018863	-0.021495
0.497556	-0.013037	-0.015354
0.498534	-0.007125	-0.009213
0.499511	-0.001104	-0.003071
0.500489	0.005038	0.003071
0.501466	0.011300	0.009213
0.502444	0.017671	0.015354
0.503421	0.024127	0.021495
0.504399	0.030633	0.027635
0.505376	0.037143	0.033774
0.506354	0.043606	0.039912
0.507331	0.049973	0.046048
0.508309	0.056203	0.052183
0.509286	0.062275	0.058315
0.510264	0.068196	0.064445
0.511241	0.074006	0.070573
0.512219	0.079773	0.076699
0.513196	0.085582	0.082821
0.514174	0.091513	0.088940
0.515152	0.097617	0.095056
0.516129	0.103894	0.101168
0.517107	0.110289	0.107277
0.518084	0.116703	0.113381
0.519062	0.123023	0.119481
0.520039	0.129166	0.125577
0.521017	0.135113	0.131668
0.521994	0.140924	0.137754
0.522972	0.146720	0.143835
0.523949	0.152628	0.149910
0.524927	0.158725	0.155979
0.525904	0.164995	0.162043
0.526882	0.171328	0.168101
0.527859	0.177576	0.174152
0.528837	0.183630	0.180197
0.529814	0.189483	0.186235
0.530792	0.195244	0.192266
0.531769	0.201074	0.198289
0.532747	0.207090	0.204306
0.533724	0.213288	0.210314
0.534702	0.219539	0.216315
0.535679	0.225670	0.222307
0.536657	0.231582	0.228291
0.537634	0.237325	0.234266
0.538612	0.243068	0.240233
0.539589	0.248973	0.246190
0.540567	0.255075	0.252139
0.541544	0.261249	0.258077
0.542522	0.267300	0.264006
0.543500	0.273126	0.269925
0.544477	0.278802	0.275834
0.545455	0.284522	0.281733
0.546432	0.290437	0.287620
0.547410	0.296515	0.293497
0.548387	0.302568	0.299363
0.549365	0.308419	0.305218
0.550342	0.314066	0.311061
0.551320	0.319693	0.316892
0.552297	0.325492	0.322711
0.553275	0.331475	0.328519
0.554252	0.337457	0.334313
0.555230	0.343241	0.340096
0.556207	0.348820	0.345865
0.557185	0.354388	0.351621
0.558162	0.360140	0.357364
0.559140	0.366056	0.363094
0.560117	0.371922	0.368810
0.561095	0.377562	0.374512
0.562072	0.383040	0.380200
0.563050	0.388590	0.385873
0.564027	0.394346	0.391532
0.565005	0.400183	0.397176
0.565982	0.405860	0.402805
0.566960	0.411311	0.408419
0.567937	0.416728	0.414018
0.568915	0.422326	0.419601
0.569892	0.428075	0.425168
0.570870	0.433730	0.430719
0.571848	0.439148	0.436254
0.572825	0.444472	0.441772
0.573803	0.449947	0.447274
0.574780	0.455597	0.452759
0.575758	0.461184	0.458227
0.576735	0.466535	0.463677
0.577713	0.471776	0.469110
0.578690	0.477163	0.474525
0.579668	0.482721	0.479923
0.580645	0.488207	0.485302
0.581623	0.493454	0.490663
0.582600	0.498616	0.496005
0.583578	0.503944	0.501329
0.584555	0.509415	0.506634
0.585533	0.514766	0.511920
0.586510	0.519883	0.517186
0.587488	0.524981	0.522433
0.588465	0.530273	0.527660
0.589443	0.535641	0.532868
0.590420	0.540816	0.538055
0.591398	0.545803	0.543222
0.592375	0.550873	0.548368
0.593353	0.556131	0.553494
0.594330	0.561343	0.558599
0.595308	0.566317	0.563682
0.596285	0.571217	0.568745
0.597263	0.576296	0.573786
0.598240	0.581469	0.578805
0.599218	0.586457	0.583803
0.600196	0.591259	0.588779
0.601173	0.596154	0.593732
0.602151	0.601223	0.598663
0.603128	0.606203	0.603571
0.604106	0.610949	0.608457
0.605083	0.615688	0.613319
0.606061	0.620620	0.618159
0.607038	0.625554	0.622975
0.608016	0.630256	0.627768
0.608993	0.634870	0.632537
0.609971	0.639659	0.637282
0.610948	0.644517	0.642003
0.611926	0.649167	0.646700
0.612903	0.653674	0.651372
0.613881	0.658328	0.656020
0.614858	0.663091	0.660644
0.615836	0.667671	0.665242
0.616813	0.672080	0.669815
0.617791	0.676611	0.674363
0.618768	0.681270	0.678885
0.619746	0.685763	0.683382
0.620723	0.690072	0.687853
0.621701	0.694494	0.692298
0.622678	0.699047	0.696717
0.623656	0.703433	0.701110
0.624633	0.707640	0.705476
0.625611	0.711965	0.709816
0.626588	0.716408	0.714129
0.627566	0.720673	0.718415
0.628543	0.724775	0.722674
0.629521	0.729013	0.726905
0.630499	0.733342	0.731109
0.631476	0.737470	0.735286
0.632454	0.741471	0.739435
0.633431	0.745629	0.743556
0.634409	0.749833	0.747649
0.635386	0.753812	0.751713
0.636364	0.757722	0.755750
0.637341	0.761806	0.759757
0.638319	0.765864	0.763737
0.639296	0.769691	0.767687
0.640274	0.773528	0.771608
0.641251	0.777528	0.775501
0.642229	0.781416	0.779364
0.643206	0.785103	0.783197
0.644184	0.788886	0.787001
0.645161	0.792777	0.790776
0.646139	0.796476	0.794520
0.647116	0.800054	0.798235
0.648094	0.803789	0.801919
0.649071	0.807528	0.805574
0.650049	0.811038	0.809197
0.651026	0.814549	0.812791
0.652004	0.818216	0.816353
0.652981	0.821756	0.819885
0.653959	0.825114	0.823386
0.654936	0.828592	0.826856
0.655914	0.832131	0.830295
0.656891	0.835452	0.833702
0.657869	0.838725	0.837078
0.658847	0.842159	0.840422
0.659824	0.845496	0.843735
0.660802	0.848639	0.847016
0.661779	0.851885	0.850265
0.662757	0.855200	0.853481
0.663734	0.858301	0.856666
0.664712	0.861355	0.859818
0.665689	0.864564	0.862938
0.666667	0.867663	0.866025
0.667644	0.870582	0.869080
0.668622	0.873620	0.872102
0.669599	0.876693	0.875091
0.670577	0.879545	0.878047
0.671554	0.882399	0.880969
0.672532	0.885386	0.883859
0.673509	0.888212	0.886715
0.674487	0.890912	0.889538
0.675464	0.893758	0.892327
0.676442	0.896557	0.895083
0.677419	0.899151	0.897805
0.678397	0.901829	0.900492
0.679374	0.904571	0.903146
0.680352	0.907100	0.905766
0.681329	0.909611	0.908352
0.682307	0.912254	0.910903
0.683284	0.914738	0.913421
0.684262	0.917105	0.915903
0.685239	0.919617	0.918351
0.686217	0.922054	0.920765
0.687195	0.924306	0.923143
0.688172	0.926668	0.925487
0.689150	0.929041	0.927796
0.690127	0.931202	0.930070
0.691105	0.933411	0.932309
0.692082	0.935700	0.934513
0.693060	0.937785	0.936681
0.694037	0.939848	0.938814
0.695015	0.942031	0.940912
0.695992	0.944047	0.942974
0.696970	0.945975	0.945001
0.697947	0.948039	0.946992
0.698925	0.949983	0.948947
0.699902	0.951788	0.950867
0.700880	0.953725	0.952750
0.701857	0.955590	0.954598
0.702835	0.957282	0.956409
0.703812	0.959089	0.958185
0.704790	0.960868	0.959924
0.705767	0.962454	0.961628
0.706745	0.964130	0.963295
0.707722	0.965815	0.964925
0.708700	0.967299	0.966519
0.709677	0.968847	0.968077
0.710655	0.970432	0.969598
0.711632	0.971814	0.971083
0.712610	0.973239	0.972531
0.713587	0.974719	0.973942
0.714565	0.975998	0.975317
0.715543	0.977302	0.976655
0.716520	0.978674	0.977956
0.717498	0.979848	0.979220
0.718475	0.981036	0.980447
0.719453	0.982297	0.981637
0.720430	0.983364	0.982790
0.721408	0.984438	0.983906
0.722385	0.985587	0.984985
0.723363	0.986543	0.986027
0.724340	0.987508	0.987031
0.725318	0.988543	0.987999
0.726295	0.989386	0.988929
0.727273	0.990244	0.989821
0.728250	0.991164	0.990677
0.729228	0.991891	0.991495
0.730205	0.992645	0.992276
0.731183	0.993448	0.993019
0.732160	0.994058	0.993724
0.733138	0.994711	0.994393
0.734115	0.995394	0.995023
0.735093	0.995886	0.995617
0.736070	0.996442	0.996172
0.737048	0.997000	0.996690
0.738025	0.997376	0.997171
0.739003	0.997836	0.997614
0.739980	0.998265	0.998019
0.740958	0.998529	0.998387
0.741935	0.998893	0.998717
0.742913	0.999189	0.999009
0.743891	0.999345	0.999263
0.744868	0.999611	0.999480
0.745846	0.999769	0.999659
0.746823	0.999826	0.999801
0.747801	0.999989	0.999905
0.748778	1.000007	0.999971
0.749756	0.999973	0.999999
0.750733	1.000024	0.999989
0.751711	0.999904	0.999942
0.752688	0.999786	0.999857
0.753666	0.999714	0.999735
0.754643	0.999463	0.999574
0.755621	0.999264	0.999376
0.756598	0.999057	0.999141
0.757576	0.998686	0.998867
0.758553	0.998406	0.998556
0.759531	0.998052	0.998208
0.760508	0.997579	0.997821
0.761486	0.997207	0.997397
0.762463	0.996702	0.996935
0.763441	0.996144	0.996436
0.764418	0.995662	0.995899
0.765396	0.995011	0.995325
0.766373	0.994381	0.994713
0.767351	0.993768	0.994063
0.768328	0.992988	0.993376
0.769306	0.992287	0.992652
0.770283	0.991522	0.991890
0.771261	0.990640	0.991091
0.772239	0.989853	0.990254
0.773216	0.988931	0.989380
0.774194	0.987971	0.988468
0.775171	0.987071	0.987520
0.776149	0.986003	0.986534
0.777126	0.984980	0.985511
0.778104	0.983936	0.984450
0.779081	0.982752	0.983353
0.780059	0.981657	0.982218
0.781036	0.980452	0.981047
0.782014	0.979187	0.979838
0.782991	0.977989	0.978592
0.783969	0.976631	0.977310
0.784946	0.975306	0.975990
0.785924	0.973968	0.974634
0.786901	0.972491	0.973241
0.787879	0.971099	0.971812
0.788856	0.969598	0.970345
0.789834	0.968044	0.968842
0.790811	0.966548	0.967303
0.791789	0.964895	0.965727
0.792766	0.963287	0.964114
0.793744	0.961644	0.962466
0.794721	0.959882	0.960781
0.795699	0.958204	0.959059
0.796676	0.956394	0.957302
0.797654	0.954571	0.955508
0.798631	0.952772	0.953678
0.799609	0.950826	0.951813
0.800587	0.948950	0.949911
0.801564	0.946990	0.947974
0.802542	0.944962	0.946001
0.803519	0.942994	0.943992
0.804497	0.940878	0.941948
0.805474	0.938803	0.939868
0.806452	0.936687	0.937752
0.807429	0.934468	0.935601
0.808407	0.932323	0.933415
0.809384	0.930043	0.931194
0.810362	0.927773	0.928938
0.811339	0.925496	0.926646
0.812317	0.923097	0.924320
0.813294	0.920771	0.921958
0.814272	0.918328	0.919562
0.815249	0.915873	0.917131
0.816227	0.913430	0.914666
0.817204	0.910856	0.912166
0.818182	0.908353	0.909632
0.819159	0.905745	0.907063
0.820137	0.903112	0.904461
0.821114	0.900499	0.901824
0.822092	0.897757	0.899153
0.823069	0.895080	0.896448
0.824047	0.892305	0.893709
0.825024	0.889501	0.890937
0.826002	0.886719	0.888131
0.826979	0.883810	0.885291
0.827957	0.880965	0.882418
0.828935	0.878020	0.879512
0.829912	0.875054	0.876573
0.830890	0.872102	0.873600
0.831867	0.869029	0.870595
0.832845	0.866021	0.867557
0.833822	0.862906	0.864486
0.834800	0.859784	0.861382
0.835777	0.856660	0.858246
0.836755	0.853429	0.855078
0.837732	0.850260	0.851877
0.838710	0.846976	0.848644
0.839687	0.843706	0.845379
0.840665	0.840409	0.842083
0.841642	0.837026	0.838754
0.842620	0.833698	0.835394
0.843597	0.830247	0.832002
0.844575	0.826833	0.828579
0.845552	0.823362	0.825125
0.846530	0.819838	0.821640
0.847507	0.816346	0.818123
0.848485	0.812737	0.814576
0.849462	0.809182	0.810998
0.850440	0.805536	0.807389
0.851417	0.801880	0.803750
0.852395	0.798219	0.800081
0.853372	0.794465	0.796381
0.854350	0.790764	0.792652
0.855327	0.786951	0.788892
0.856305	0.783168	0.785103
0.857283	0.779334	0.781284
0.858260	0.775450	0.777436
0.859238	0.771593	0.773558
0.860215	0.767629	0.769651
0.861193	0.763717	0.765715
0.862170	0.759711	0.761751
0.863148	0.755711	0.757757
0.864125	0.751686	0.753735
0.865103	0.747593	0.749684
0.866080	0.743538	0.745606
0.867058	0.739377	0.741499
0.868035	0.735260	0.737364
0.869013	0.731064	0.733201
0.869990	0.726862	0.729011
0.870968	0.722645	0.724793
0.871945	0.718357	0.720548
0.872923	0.714107	0.716275
0.873900	0.709757	0.711976
0.874878	0.705447	0.707649
0.875855	0.701062	0.703296
0.876833	0.696672	0.698917
0.877810	0.692265	0.694511
0.878788	0.687795	0.690079
0.879765	0.683357	0.685621
0.880743	0.678824	0.681137
0.881720	0.674333	0.676627
0.882698	0.669762	0.672092
0.883675	0.665198	0.667532
0.884653	0.660604	0.662946
0.885630	0.655963	0.658335
0.886608	0.651342	0.653700
0.887586	0.646637	0.649039
0.888563	0.641972	0.644355
0.889541	0.637222	0.639646
0.890518	0.632497	0.634912
0.891496	0.627719	0.630155
0.892473	0.622923	0.625374
0.893451	0.618120	0.620570
0.894428	0.613257	0.615742
0.895406	0.608423	0.610891
0.896383	0.603507	0.606017
0.897361	0.598627	0.601120
0.898338	0.593672	0.596200
0.899316	0.588733	0.591258
0.900293	0.583753	0.586294
0.901271	0.578749	0.581307
0.902248	0.573744	0.576298
0.903226	0.568681	0.571268
0.904203	0.563645	0.566216
0.905181	0.558533	0.561143
0.906158	0.553454	0.556049
0.907136	0.548306	0.550934
0.908113	0.543175	0.545798
0.909091	0.538000	0.540641
0.910068	0.532812	0.535464
0.911046	0.527613	0.530266
0.912023	0.522370	0.525049
0.913001	0.517143	0.519812
0.913978	0.511852	0.514555
0.914956	0.506592	0.509279
0.915934	0.501262	0.503984
0.916911	0.495959	0.498670
0.917889	0.490600	0.493337
0.918866	0.485249	0.487985
0.919844	0.479866	0.482615
0.920821	0.474466	0.477226
0.921799	0.469059	0.471820
0.922776	0.463612	0.466396
0.923754	0.458179	0.460954
0.924731	0.452690	0.455495
0.925709	0.447227	0.450018
0.926686	0.441704	0.444525
0.927664	0.436205	0.439015
0.928641	0.430653	0.433488
0.929619	0.425114	0.427945
0.930596	0.419538	0.422386
0.931574	0.413959	0.416811
0.932551	0.408361	0.411220
0.933529	0.402742	0.405614
0.934506	0.397121	0.399993
0.935484	0.391464	0.394356
0.936461	0.385820	0.388704
0.937439	0.380130	0.383038
0.938416	0.374460	0.377357
0.939394	0.368740	0.371662
0.940371	0.363041	0.365954
0.941349	0.357295	0.360231
0.942326	0.351565	0.354494
0.943304	0.345798	0.348745
0.944282	0.340037	0.342982
0.945259	0.334249	0.337206
0.946237	0.328456	0.331418
0.947214	0.322649	0.325617
0.948192	0.316826	0.319803
0.949169	0.311001	0.313978
0.950147	0.305150	0.308141
0.951124	0.299304	0.302292
0.952102	0.293427	0.296432
0.953079	0.287562	0.290560
0.954057	0.281662	0.284678
0.955034	0.275776	0.278785
0.956012	0.269854	0.272881
0.956989	0.263947	0.266967
0.957967	0.258006	0.261043
0.958944	0.252079	0.255109
0.959922	0.246120	0.249166
0.960899	0.240171	0.243213
0.961877	0.234197	0.237251
0.962854	0.228228	0.231280
0.963832	0.222239	0.225300
0.964809	0.216250	0.219312
0.965787	0.210247	0.213315
0.966764	0.204239	0.207311
0.967742	0.198223	0.201299
0.968719	0.192198	0.195279
0.969697	0.186169	0.189251
0.970674	0.180128	0.183217
0.971652	0.174087	0.177175
0.972630	0.168031	0.171127
0.973607	0.161978	0.165073
0.974585	0.155909	0.159012
0.975562	0.149844	0.152945
0.976540	0.143764	0.146873
0.977517	0.137688	0.140795
0.978495	0.131597	0.134711
0.979472	0.125511	0.128623
0.980450	0.119410	0.122530
0.981427	0.113315	0.116432
0.982405	0.107205	0.110330
0.983382	0.101102	0.104223
0.984360	0.094985	0.098113
0.985337	0.088873	0.091999
0.986315	0.082750	0.085881
0.987292	0.076631	0.079760
0.988270	0.070502	0.073636
0.989247	0.064377	0.067510
0.990225	0.058244	0.061381
0.991202	0.052114	0.055249
0.992180	0.045977	0.049116
0.993157	0.039843	0.042980
0.994135	0.033703	0.036843
0.995112	0.027566	0.030705
0.996090	0.021424	0.024565
0.997067	0.015284	0.018425
0.998045	0.009142	0.012284
0.999022	0.003001	0.006142
1.000000	-0.003142	0.000000
