x	 u	 u_exact
0.000000	-0.010682	-0.003142
0.000978	-0.012635	0.003000
0.001955	-0.015273	0.009142
0.002933	-0.018642	0.015284
0.003910	-0.022772	0.021424
0.004888	-0.027674	0.027565
0.005865	-0.033329	0.033704
0.006843	-0.039680	0.039841
0.007820	-0.046630	0.045978
0.008798	-0.054042	0.052112
0.009775	-0.061739	0.058245
0.010753	-0.069522	0.064375
0.011730	-0.077185	0.070503
0.012708	-0.084537	0.076628
0.013685	-0.091430	0.082751
0.014663	-0.097778	0.088870
0.015640	-0.103578	0.094986
0.016618	-0.108914	0.101098
0.017595	-0.113946	0.107207
0.018573	-0.118888	0.113311
0.019550	-0.123970	0.119411
0.020528	-0.129390	0.125507
0.021505	-0.135278	0.131598
0.022483	-0.141654	0.137684
0.023460	-0.148432	0.143765
0.024438	-0.155420	0.149840
0.025415	-0.162384	0.155910
0.026393	-0.169085	0.161974
0.027370	-0.175365	0.168031
0.028348	-0.181170	0.174083
0.029326	-0.186596	0.180127
0.030303	-0.191833	0.186165
0.031281	-0.197146	0.192196
0.032258	-0.202751	0.198220
0.033236	-0.208787	0.204237
0.034213	-0.215221	0.210245
0.035191	-0.221904	0.216246
0.036168	-0.228569	0.222238
0.037146	-0.234983	0.228222
0.038123	-0.240972	0.234198
0.039101	-0.246562	0.240164
0.040078	-0.251892	0.246122
0.041056	-0.257245	0.252070
0.042033	-0.262846	0.258009
0.043011	-0.268853	0.263938
0.043988	-0.275198	0.269857
0.044966	-0.281707	0.275766
0.045943	-0.288076	0.281665
0.046921	-0.294115	0.287553
0.047898	-0.299734	0.293430
0.048876	-0.305091	0.299296
0.049853	-0.310418	0.305150
0.050831	-0.316001	0.310994
0.051808	-0.321946	0.316825
0.052786	-0.328204	0.322645
0.053763	-0.334517	0.328452
0.054741	-0.340627	0.334247
0.055718	-0.346348	0.340029
0.056696	-0.351736	0.345799
0.057674	-0.357000	0.351555
0.058651	-0.362435	0.357298
0.059629	-0.368209	0.363028
0.060606	-0.374292	0.368744
0.061584	-0.380455	0.374446
0.062561	-0.386409	0.380134
0.063539	-0.391998	0.385808
0.064516	-0.397272	0.391467
0.065494	-0.402492	0.397111
0.066471	-0.407919	0.402741
0.067449	-0.413699	0.408355
0.068426	-0.419692	0.413954
0.069404	-0.425651	0.419537
0.070381	-0.431289	0.425104
0.071359	-0.436593	0.430655
0.072336	-0.441706	0.436190
0.073314	-0.446966	0.441709
0.074291	-0.452518	0.447211
0.075269	-0.458356	0.452696
0.076246	-0.464177	0.458164
0.077224	-0.469750	0.463614
0.078201	-0.474952	0.469048
0.079179	-0.479994	0.474463
0.080156	-0.485138	0.479861
0.081134	-0.490603	0.485240
0.082111	-0.496293	0.490601
0.083089	-0.501958	0.495944
0.084066	-0.507322	0.501268
0.085044	-0.512362	0.506573
0.086022	-0.517299	0.511859
0.086999	-0.522418	0.517126
0.087977	-0.527849	0.522373
0.088954	-0.533413	0.527600
0.089932	-0.538838	0.532808
0.090909	-0.543907	0.537995
0.091887	-0.548759	0.543162
0.092864	-0.553638	0.548309
0.093842	-0.558819	0.553435
0.094819	-0.564205	0.558540
0.095797	-0.569577	0.563624
0.096774	-0.574625	0.568687
0.097752	-0.579406	0.573728
0.098729	-0.584126	0.578748
0.099707	-0.589101	0.583746
0.100684	-0.594316	0.588721
0.101662	-0.599561	0.593675
0.102639	-0.604531	0.598606
0.103617	-0.609200	0.603515
0.104594	-0.613802	0.608401
0.105572	-0.618613	0.613264
0.106549	-0.623691	0.618103
0.107527	-0.628770	0.622920
0.108504	-0.633605	0.627713
0.109482	-0.638120	0.632482
0.110459	-0.642618	0.637228
0.111437	-0.647311	0.641949
0.112414	-0.652269	0.646646
0.113392	-0.657163	0.651319
0.114370	-0.661799	0.655967
0.115347	-0.666147	0.660591
0.116325	-0.670545	0.665189
0.117302	-0.675174	0.669763
0.118280	-0.679994	0.674311
0.119257	-0.684679	0.678833
0.120235	-0.689055	0.683331
0.121212	-0.693260	0.687802
0.122190	-0.697581	0.692247
0.123167	-0.702178	0.696667
0.124145	-0.706808	0.701060
0.125122	-0.711233	0.705426
0.126100	-0.715337	0.709766
0.127077	-0.719447	0.714079
0.128055	-0.723747	0.718366
0.129032	-0.728265	0.722625
0.130010	-0.732638	0.726857
0.130987	-0.736736	0.731061
0.131965	-0.740652	0.735238
0.132942	-0.744727	0.739387
0.133920	-0.749033	0.743508
0.134897	-0.753336	0.747602
0.135875	-0.757383	0.751667
0.136852	-0.761171	0.755703
0.137830	-0.765046	0.759711
0.138807	-0.769127	0.763691
0.139785	-0.773329	0.767642
0.140762	-0.777270	0.771563
0.141740	-0.780978	0.775456
0.142717	-0.784638	0.779319
0.143695	-0.788558	0.783153
0.144673	-0.792579	0.786958
0.145650	-0.796438	0.790733
0.146628	-0.800005	0.794477
0.147605	-0.803517	0.798192
0.148583	-0.807254	0.801877
0.149560	-0.811113	0.805532
0.150538	-0.814848	0.809156
0.151515	-0.818257	0.812750
0.152493	-0.821645	0.816313
0.153470	-0.825192	0.819845
0.154448	-0.828927	0.823346
0.155425	-0.832466	0.826816
0.156403	-0.835752	0.830255
0.157380	-0.838968	0.833663
0.158358	-0.842396	0.837039
0.159335	-0.845955	0.840384
0.160313	-0.849317	0.843697
0.161290	-0.852438	0.846978
0.162268	-0.855503	0.850228
0.163245	-0.858827	0.853445
0.164223	-0.862189	0.856630
0.165200	-0.865381	0.859782
0.166178	-0.868288	0.862902
0.167155	-0.871268	0.865990
0.168133	-0.874441	0.869045
0.169110	-0.877642	0.872067
0.170088	-0.880594	0.875057
0.171065	-0.883335	0.878013
0.172043	-0.886218	0.880936
0.173021	-0.889253	0.883826
0.173998	-0.892265	0.886683
0.174976	-0.894950	0.889506
0.175953	-0.897577	0.892295
0.176931	-0.900340	0.895051
0.177908	-0.903263	0.897773
0.178886	-0.905996	0.900462
0.179863	-0.908475	0.903116
0.180841	-0.910981	0.905736
0.181818	-0.913663	0.908322
0.182796	-0.916402	0.910874
0.183773	-0.918838	0.913392
0.184751	-0.921158	0.915875
0.185728	-0.923560	0.918323
0.186706	-0.926166	0.920737
0.187683	-0.928612	0.923116
0.188661	-0.930811	0.925460
0.189638	-0.932988	0.927770
0.190616	-0.935344	0.930044
0.191593	-0.937765	0.932283
0.192571	-0.939897	0.934488
0.193548	-0.941912	0.936656
0.194526	-0.944001	0.938790
0.195503	-0.946290	0.940888
0.196481	-0.948398	0.942951
0.197458	-0.950278	0.944978
0.198436	-0.952159	0.946969
0.199413	-0.954218	0.948925
0.200391	-0.956295	0.950845
0.201369	-0.958068	0.952729
0.202346	-0.959781	0.954577
0.203324	-0.961600	0.956389
0.204301	-0.963565	0.958165
0.205279	-0.965286	0.959905
0.206256	-0.966827	0.961608
0.207234	-0.968453	0.963276
0.208211	-0.970222	0.964907
0.209189	-0.971910	0.966501
0.210166	-0.973296	0.968059
0.211144	-0.974742	0.969581
0.212121	-0.976313	0.971066
0.213099	-0.977904	0.972515
0.214076	-0.979203	0.973926
0.215054	-0.980438	0.975301
0.216031	-0.981850	0.976640
0.217009	-0.983279	0.977941
0.217986	-0.984521	0.979205
0.218964	-0.985557	0.980433
0.219941	-0.986797	0.981623
0.220919	-0.988078	0.982777
0.221896	-0.989207	0.983893
0.222874	-0.990120	0.984973
0.223851	-0.991134	0.986015
0.224829	-0.992306	0.987020
0.225806	-0.993277	0.987988
0.226784	-0.994087	0.988918
0.227761	-0.994896	0.989811
0.228739	-0.995918	0.990667
0.229717	-0.996773	0.991486
0.230694	-0.997419	0.992267
0.231672	-0.998098	0.993010
0.232649	-0.998912	0.993717
0.233627	-0.999681	0.994385
0.234604	-1.000148	0.995016
0.235582	-1.000689	0.995610
0.236559	-1.001338	0.996166
0.237537	-1.001952	0.996685
0.238514	-1.002307	0.997166
0.239492	-1.002648	0.997609
0.240469	-1.003191	0.998015
0.241447	-1.003609	0.998383
0.242424	-1.003854	0.998713
0.243402	-1.004026	0.999006
0.244379	-1.004415	0.999261
0.245357	-1.004703	0.999478
0.246334	-1.004755	0.999657
0.247312	-1.004834	0.999799
0.248289	-1.005022	0.999904
0.249267	-1.005194	0.999970
0.250244	-1.005064	0.999999
0.251222	-1.005009	0.999990
0.252199	-1.005069	0.999943
0.253177	-1.005036	0.999859
0.254154	-1.004802	0.999736
0.255132	-1.004559	0.999577
0.256109	-1.004523	0.999379
0.257087	-1.004286	0.999144
0.258065	-1.003904	0.998871
0.259042	-1.003552	0.998560
0.260020	-1.003329	0.998212
0.260997	-1.002969	0.997826
0.261975	-1.002375	0.997402
0.262952	-1.001954	0.996941
0.263930	-1.001548	0.996442
0.264907	-1.001009	0.995906
0.265885	-1.000292	0.995332
0.266862	-0.999712	0.994720
0.267840	-0.999203	0.994071
0.268817	-0.998417	0.993384
0.269795	-0.997618	0.992660
0.270772	-0.996896	0.991899
0.271750	-0.996211	0.991100
0.272727	-0.995271	0.990264
0.273705	-0.994302	0.989390
0.274682	-0.993525	0.988479
0.275660	-0.992590	0.987531
0.276637	-0.991520	0.986545
0.277615	-0.990432	0.985522
0.278592	-0.989508	0.984463
0.279570	-0.988415	0.983366
0.280547	-0.987129	0.982231
0.281525	-0.986015	0.981060
0.282502	-0.984880	0.979852
0.283480	-0.983613	0.978607
0.284457	-0.982201	0.977325
0.285435	-0.980960	0.976006
0.286413	-0.979700	0.974650
0.287390	-0.978170	0.973257
0.288368	-0.976723	0.971828
0.289345	-0.975329	0.970362
0.290323	-0.973872	0.968860
0.291300	-0.972202	0.967321
0.292278	-0.970619	0.965745
0.293255	-0.969151	0.964133
0.294233	-0.967411	0.962485
0.295210	-0.965662	0.960800
0.296188	-0.963986	0.959079
0.297165	-0.962310	0.957322
0.298143	-0.960425	0.955529
0.299120	-0.958517	0.953700
0.300098	-0.956805	0.951834
0.301075	-0.954862	0.949933
0.302053	-0.952835	0.947996
0.303030	-0.950887	0.946024
0.304008	-0.948961	0.944015
0.304985	-0.946875	0.941971
0.305963	-0.944674	0.939892
0.306940	-0.942694	0.937777
0.307918	-0.940551	0.935626
0.308895	-0.938253	0.933441
0.309873	-0.936055	0.931220
0.310850	-0.933866	0.928964
0.311828	-0.931566	0.926673
0.312805	-0.929110	0.924347
0.313783	-0.926851	0.921986
0.314761	-0.924507	0.919590
0.315738	-0.921941	0.917160
0.316716	-0.919506	0.914695
0.317693	-0.917066	0.912195
0.318671	-0.914524	0.909661
0.319648	-0.911848	0.907093
0.320626	-0.909308	0.904491
0.321603	-0.906758	0.901854
0.322581	-0.903935	0.899184
0.323558	-0.901261	0.896479
0.324536	-0.898600	0.893741
0.325513	-0.895783	0.890969
0.326491	-0.892913	0.888163
0.327468	-0.890110	0.885324
0.328446	-0.887326	0.882452
0.329423	-0.884278	0.879546
0.330401	-0.881353	0.876607
0.331378	-0.878492	0.873635
0.332356	-0.875390	0.870630
0.333333	-0.872325	0.867592
0.334311	-0.869301	0.864521
0.335288	-0.866239	0.861418
0.336266	-0.863004	0.858282
0.337243	-0.859830	0.855114
0.338221	-0.856760	0.851914
0.339198	-0.853402	0.848682
0.340176	-0.850118	0.845417
0.341153	-0.846918	0.842121
0.342131	-0.843547	0.838793
0.343109	-0.840137	0.835433
0.344086	-0.836757	0.832042
0.345064	-0.833421	0.828619
0.346041	-0.829863	0.825165
0.347019	-0.826348	0.821680
0.347996	-0.822970	0.818164
0.348974	-0.819316	0.814617
0.349951	-0.815707	0.811039
0.350929	-0.812179	0.807431
0.351906	-0.808522	0.803792
0.352884	-0.804800	0.800123
0.353861	-0.801096	0.796424
0.354839	-0.797465	0.792695
0.355816	-0.793605	0.788936
0.356794	-0.789781	0.785147
0.357771	-0.786099	0.781328
0.358749	-0.782147	0.777480
0.359726	-0.778240	0.773603
0.360704	-0.774414	0.769696
0.361681	-0.770452	0.765761
0.362659	-0.766442	0.761796
0.363636	-0.762451	0.757803
0.364614	-0.758512	0.753781
0.365591	-0.754367	0.749731
0.366569	-0.750262	0.745653
0.367546	-0.746288	0.741546
0.368524	-0.742036	0.737411
0.369501	-0.737858	0.733249
0.370479	-0.733762	0.729059
0.371457	-0.729481	0.724841
0.372434	-0.725212	0.720597
0.373412	-0.720965	0.716324
0.374389	-0.716705	0.712025
0.375367	-0.712301	0.707699
0.376344	-0.707944	0.703347
0.377322	-0.703676	0.698967
0.378299	-0.699141	0.694562
0.379277	-0.694719	0.690130
0.380254	-0.690367	0.685672
0.381232	-0.685766	0.681189
0.382209	-0.681272	0.676679
0.383187	-0.676792	0.672144
0.384164	-0.672192	0.667584
0.385142	-0.667579	0.662999
0.386119	-0.662991	0.658388
0.387097	-0.658402	0.653753
0.388074	-0.653642	0.649093
0.389052	-0.648992	0.644409
0.390029	-0.644366	0.639700
0.391007	-0.639489	0.634967
0.391984	-0.634797	0.630210
0.392962	-0.630077	0.625430
0.393939	-0.625150	0.620625
0.394917	-0.620381	0.615798
0.395894	-0.615557	0.610947
0.396872	-0.610629	0.606073
0.397849	-0.605733	0.601176
0.398827	-0.600842	0.596257
0.399804	-0.595907	0.591315
0.400782	-0.590865	0.586351
0.401760	-0.585948	0.581364
0.402737	-0.580960	0.576356
0.403715	-0.575806	0.571326
0.404692	-0.570870	0.566275
0.405670	-0.565790	0.561202
0.406647	-0.560583	0.556108
0.407625	-0.555588	0.550993
0.408602	-0.550418	0.545857
0.409580	-0.545196	0.540700
0.410557	-0.540094	0.535523
0.411535	-0.534874	0.530326
0.412512	-0.529630	0.525109
0.413490	-0.524400	0.519872
0.414467	-0.519174	0.514616
0.415445	-0.513869	0.509340
0.416422	-0.508533	0.504045
0.417400	-0.503312	0.498731
0.418377	-0.497911	0.493398
0.419355	-0.492517	0.488046
0.420332	-0.487273	0.482676
0.421310	-0.481774	0.477288
0.422287	-0.476360	0.471882
0.423265	-0.471050	0.466458
0.424242	-0.465483	0.461017
0.425220	-0.460053	0.455558
0.426197	-0.454646	0.450082
0.427175	-0.449055	0.444588
0.428152	-0.443583	0.439079
0.429130	-0.438082	0.433552
0.430108	-0.432495	0.428009
0.431085	-0.426945	0.422450
0.432063	-0.421381	0.416875
0.433040	-0.415796	0.411285
0.434018	-0.410146	0.405679
0.434995	-0.404560	0.400057
0.435973	-0.398946	0.394421
0.436950	-0.393205	0.388769
0.437928	-0.387620	0.383103
0.438905	-0.381942	0.377423
0.439883	-0.376142	0.371728
0.440860	-0.370556	0.366019
0.441838	-0.364792	0.360297
0.442815	-0.358972	0.354560
0.443793	-0.353360	0.348811
0.444770	-0.347514	0.343048
0.445748	-0.341698	0.337273
0.446725	-0.336030	0.331484
0.447703	-0.330125	0.325683
0.448680	-0.324318	0.319870
0.449658	-0.318571	0.314045
0.450635	-0.312641	0.308208
0.451613	-0.306824	0.302359
0.452590	-0.300998	0.296499
0.453568	-0.295067	0.290628
0.454545	-0.289215	0.284745
0.455523	-0.283328	0.278852
0.456500	-0.277404	0.272949
0.457478	-0.271495	0.267035
0.458456	-0.265574	0.261111
0.459433	-0.259648	0.255178
0.460411	-0.253674	0.249234
0.461388	-0.247746	0.243281
0.462366	-0.241796	0.237319
0.463343	-0.235767	0.231349
0.464321	-0.229848	0.225369
0.465298	-0.223850	0.219381
0.466276	-0.217789	0.213384
0.467253	-0.211877	0.207380
0.468231	-0.205817	0.201368
0.469208	-0.199750	0.195348
0.470186	-0.193833	0.189321
0.471163	-0.187709	0.183286
0.472141	-0.181658	0.177245
0.473118	-0.175715	0.171197
0.474096	-0.169539	0.165143
0.475073	-0.163517	0.159082
0.476051	-0.157527	0.153015
0.477028	-0.151318	0.146943
0.478006	-0.145326	0.140865
0.478983	-0.139274	0.134781
0.479961	-0.133059	0.128693
0.480938	-0.127086	0.122600
0.481916	-0.120968	0.116502
0.482893	-0.114768	0.110400
0.483871	-0.108798	0.104293
0.484848	-0.102618	0.098183
0.485826	-0.096452	0.092069
0.486804	-0.090465	0.085951
0.487781	-0.084237	0.079831
0.488759	-0.078112	0.073707
0.489736	-0.072092	0.067580
0.490714	-0.065835	0.061451
0.491691	-0.059752	0.055320
0.492669	-0.053686	0.049186
0.493646	-0.047420	0.043051
0.494624	-0.041373	0.036914
0.495601	-0.035255	0.030775
0.496579	-0.029001	0.024636
0.497556	-0.022978	0.018495
0.498534	-0.016808	0.012354
0.499511	-0.010584	0.006213
0.500489	-0.004571	0.000071
0.501466	0.001645	-0.006071
0.502444	0.007826	-0.012213
0.503421	0.013845	-0.018354
0.504399	0.020094	-0.024495
0.505376	0.026225	-0.030634
0.506354	0.032265	-0.036773
0.507331	0.038530	-0.042910
0.508309	0.044609	-0.049045
0.509286	0.050681	-0.055179
0.510264	0.056943	-0.061310
0.511241	0.062975	-0.067439
0.512219	0.069086	-0.073566
0.513196	0.075326	-0.079690
0.514174	0.081321	-0.085811
0.515152	0.087473	-0.091928
0.516129	0.093672	-0.098042
0.517107	0.099644	-0.104153
0.518084	0.105830	-0.110259
0.519062	0.111974	-0.116362
0.520039	0.117941	-0.122460
0.521017	0.124148	-0.128553
0.521994	0.130230	-0.134641
0.522972	0.136207	-0.140725
0.523949	0.142416	-0.146803
0.524927	0.148436	-0.152876
0.525904	0.154435	-0.158942
0.526882	0.160624	-0.165003
0.527859	0.166593	-0.171058
0.528837	0.172616	-0.177106
0.529814	0.178765	-0.183147
0.530792	0.184698	-0.189182
0.531769	0.190739	-0.195209
0.532747	0.196834	-0.201229
0.533724	0.202750	-0.207242
0.534702	0.208790	-0.213246
0.535679	0.214829	-0.219243
0.536657	0.220742	-0.225231
0.537634	0.226760	-0.231211
0.538612	0.232751	-0.237182
0.539589	0.238664	-0.243144
0.540567	0.244640	-0.249097
0.541544	0.250601	-0.255041
0.542522	0.256504	-0.260975
0.543500	0.262426	-0.266899
0.544477	0.268374	-0.272813
0.545455	0.274249	-0.278717
0.546432	0.280119	-0.284610
0.547410	0.286065	-0.290493
0.548387	0.291889	-0.296364
0.549365	0.297720	-0.302225
0.550342	0.303662	-0.308073
0.551320	0.309416	-0.313911
0.552297	0.315229	-0.319736
0.553275	0.321149	-0.325550
0.554252	0.326831	-0.331351
0.555230	0.332642	-0.337140
0.556207	0.338514	-0.342916
0.557185	0.344137	-0.348679
0.558162	0.349947	-0.354428
0.559140	0.355748	-0.360165
0.560117	0.361337	-0.365888
0.561095	0.367128	-0.371597
0.562072	0.372852	-0.377292
0.563050	0.378428	-0.382973
0.564027	0.384169	-0.388639
0.565005	0.389829	-0.394291
0.565982	0.395400	-0.399928
0.566960	0.401062	-0.405550
0.567937	0.406684	-0.411156
0.568915	0.412235	-0.416747
0.569892	0.417805	-0.422322
0.570870	0.423417	-0.427882
0.571848	0.428916	-0.433425
0.572825	0.434406	-0.438952
0.573803	0.440014	-0.444462
0.574780	0.445434	-0.449955
0.575758	0.450870	-0.455432
0.576735	0.456457	-0.460891
0.577713	0.461790	-0.466333
0.578690	0.467197	-0.471758
0.579668	0.472727	-0.477164
0.580645	0.477994	-0.482553
0.581623	0.483372	-0.487923
0.582600	0.488815	-0.493275
0.583578	0.494053	-0.498608
0.584555	0.499375	-0.503923
0.585533	0.504726	-0.509219
0.586510	0.509960	-0.514495
0.587488	0.515189	-0.519752
0.588465	0.520472	-0.524989
0.589443	0.525699	-0.530207
0.590420	0.530811	-0.535404
0.591398	0.536055	-0.540581
0.592375	0.541247	-0.545738
0.593353	0.546252	-0.550875
0.594330	0.551467	-0.555990
0.595308	0.556587	-0.561085
0.596285	0.561526	-0.566158
0.597263	0.566685	-0.571210
0.598240	0.571724	-0.576241
0.599218	0.576633	-0.581250
0.600196	0.581687	-0.586236
0.601173	0.586669	-0.591201
0.602151	0.591553	-0.596144
0.603128	0.596470	-0.601063
0.604106	0.601431	-0.605961
0.605083	0.606263	-0.610835
0.606061	0.611048	-0.615686
0.607038	0.615997	-0.620515
0.608016	0.620746	-0.625319
0.608993	0.625440	-0.630100
0.609971	0.630339	-0.634858
0.610948	0.635008	-0.639591
0.611926	0.639645	-0.644301
0.612903	0.644435	-0.648986
0.613881	0.649065	-0.653646
0.614858	0.653642	-0.658282
0.615836	0.658289	-0.662893
0.616813	0.662920	-0.667479
0.617791	0.667405	-0.672040
0.618768	0.671921	-0.676575
0.619746	0.676548	-0.681085
0.620723	0.680928	-0.685569
0.621701	0.685350	-0.690028
0.622678	0.689918	-0.694460
0.623656	0.694224	-0.698866
0.624633	0.698567	-0.703246
0.625611	0.703015	-0.707600
0.626588	0.707307	-0.711926
0.627566	0.711548	-0.716226
0.628543	0.715855	-0.720499
0.629521	0.720162	-0.724744
0.630499	0.724274	-0.728962
0.631476	0.728466	-0.733153
0.632454	0.732752	-0.737316
0.633431	0.736757	-0.741451
0.634409	0.740854	-0.745559
0.635386	0.745047	-0.749638
0.636364	0.749016	-0.753689
0.637341	0.752999	-0.757711
0.638319	0.757055	-0.761705
0.639296	0.761042	-0.765670
0.640274	0.764880	-0.769606
0.641251	0.768809	-0.773513
0.642229	0.772795	-0.777391
0.643206	0.776506	-0.781240
0.644184	0.780327	-0.785059
0.645161	0.784234	-0.788849
0.646139	0.787897	-0.792609
0.647116	0.791593	-0.796339
0.648094	0.795363	-0.800039
0.649071	0.799047	-0.803708
0.650049	0.802587	-0.807348
0.651026	0.806220	-0.810957
0.652004	0.809908	-0.814535
0.652981	0.813318	-0.818083
0.653959	0.816829	-0.821599
0.654936	0.820435	-0.825085
0.655914	0.823806	-0.828540
0.656891	0.827180	-0.831963
0.657869	0.830635	-0.835355
0.658847	0.834036	-0.838716
0.659824	0.837253	-0.842045
0.660802	0.840555	-0.845342
0.661779	0.843951	-0.848607
0.662757	0.847059	-0.851840
0.663734	0.850225	-0.855041
0.664712	0.853507	-0.858210
0.665689	0.856608	-0.861346
0.666667	0.859632	-0.864450
0.667644	0.862732	-0.867522
0.668622	0.865869	-0.870560
0.669599	0.868758	-0.873566
0.670577	0.871689	-0.876539
0.671554	0.874775	-0.879479
0.672532	0.877607	-0.882385
0.673509	0.880403	-0.885258
0.674487	0.883312	-0.888098
0.675464	0.886170	-0.890905
0.676442	0.888848	-0.893678
0.677419	0.891540	-0.896417
0.678397	0.894396	-0.899122
0.679374	0.896995	-0.901793
0.680352	0.899532	-0.904430
0.681329	0.902239	-0.907034
0.682307	0.904835	-0.909603
0.683284	0.907281	-0.912137
0.684262	0.909740	-0.914638
0.685239	0.912340	-0.917103
0.686217	0.914728	-0.919534
0.687195	0.916993	-0.921931
0.688172	0.919471	-0.924293
0.689150	0.921832	-0.926619
0.690127	0.924028	-0.928911
0.691105	0.926247	-0.931168
0.692082	0.928583	-0.933390
0.693060	0.930766	-0.935576
0.694037	0.932762	-0.937728
0.695015	0.934974	-0.939843
0.695992	0.937124	-0.941924
0.696970	0.939066	-0.943969
0.697947	0.941026	-0.945978
0.698925	0.943095	-0.947951
0.699902	0.945075	-0.949889
0.700880	0.946812	-0.951791
0.701857	0.948725	-0.953657
0.702835	0.950668	-0.955487
0.703812	0.952375	-0.957281
0.704790	0.954055	-0.959039
0.705767	0.955844	-0.960761
0.706745	0.957623	-0.962446
0.707722	0.959124	-0.964096
0.708700	0.960708	-0.965709
0.709677	0.962425	-0.967285
0.710655	0.963929	-0.968825
0.711632	0.965326	-0.970328
0.712610	0.966805	-0.971795
0.713587	0.968373	-0.973225
0.714565	0.969677	-0.974618
0.715543	0.970921	-0.975975
0.716520	0.972362	-0.977295
0.717498	0.973688	-0.978578
0.718475	0.974835	-0.979824
0.719453	0.975971	-0.981033
0.720430	0.977287	-0.982205
0.721408	0.978435	-0.983340
0.722385	0.979373	-0.984438
0.723363	0.980471	-0.985499
0.724340	0.981599	-0.986522
0.725318	0.982563	-0.987509
0.726295	0.983361	-0.988458
0.727273	0.984344	-0.989369
0.728250	0.985340	-0.990244
0.729228	0.986060	-0.991081
0.730205	0.986782	-0.991881
0.731183	0.987623	-0.992643
0.732160	0.988450	-0.993368
0.733138	0.988996	-0.994056
0.734115	0.989577	-0.994706
0.735093	0.990334	-0.995318
0.736070	0.990927	-0.995893
0.737048	0.991345	-0.996430
0.738025	0.991788	-0.996930
0.739003	0.992413	-0.997392
0.739980	0.992832	-0.997816
0.740958	0.993064	-0.998203
0.741935	0.993431	-0.998552
0.742913	0.993865	-0.998864
0.743891	0.994139	-0.999138
0.744868	0.994197	-0.999374
0.745846	0.994446	-0.999572
0.746823	0.994740	-0.999733
0.747801	0.994809	-0.999856
0.748778	0.994760	-0.999941
0.749756	0.994838	-0.999989
0.750733	0.995012	-0.999999
0.751711	0.994890	-0.999971
0.752688	0.994701	-0.999905
0.753666	0.994653	-0.999802
0.754643	0.994646	-0.999661
0.755621	0.994399	-0.999482
0.756598	0.994022	-0.999266
0.757576	0.993865	-0.999012
0.758553	0.993682	-0.998720
0.759531	0.993292	-0.998391
0.760508	0.992767	-0.998023
0.761486	0.992440	-0.997619
0.762463	0.992141	-0.997176
0.763441	0.991567	-0.996696
0.764418	0.990922	-0.996179
0.765396	0.990409	-0.995623
0.766373	0.989984	-0.995031
0.767351	0.989267	-0.994400
0.768328	0.988453	-0.993732
0.769306	0.987799	-0.993027
0.770283	0.987201	-0.992284
0.771261	0.986387	-0.991504
0.772239	0.985382	-0.990686
0.773216	0.984579	-0.989831
0.774194	0.983827	-0.988939
0.775171	0.982893	-0.988010
0.776149	0.981744	-0.987043
0.777126	0.980735	-0.986039
0.778104	0.979868	-0.984997
0.779081	0.978791	-0.983919
0.780059	0.977524	-0.982803
0.781036	0.976300	-0.981650
0.782014	0.975291	-0.980461
0.782991	0.974112	-0.979234
0.783969	0.972701	-0.977970
0.784946	0.971300	-0.976670
0.785924	0.970092	-0.975332
0.786901	0.968847	-0.973958
0.787879	0.967293	-0.972547
0.788856	0.965721	-0.971100
0.789834	0.964305	-0.969616
0.790811	0.962960	-0.968095
0.791789	0.961325	-0.966538
0.792766	0.959558	-0.964944
0.793744	0.957948	-0.963314
0.794721	0.956451	-0.961647
0.795699	0.954778	-0.959944
0.796676	0.952837	-0.958205
0.797654	0.951016	-0.956430
0.798631	0.949346	-0.954619
0.799609	0.947617	-0.952772
0.800587	0.945580	-0.950888
0.801564	0.943518	-0.948969
0.802542	0.941661	-0.947014
0.803519	0.939831	-0.945024
0.804497	0.937765	-0.942998
0.805474	0.935492	-0.940936
0.806452	0.933404	-0.938839
0.807429	0.931436	-0.936706
0.808407	0.929348	-0.934538
0.809384	0.926961	-0.932335
0.810362	0.924602	-0.930096
0.811339	0.922452	-0.927823
0.812317	0.920302	-0.925514
0.813294	0.917897	-0.923170
0.814272	0.915304	-0.920792
0.815249	0.912904	-0.918379
0.816227	0.910630	-0.915931
0.817204	0.908237	-0.913449
0.818182	0.905534	-0.910933
0.819159	0.902847	-0.908382
0.820137	0.900365	-0.905796
0.821114	0.897931	-0.903177
0.822092	0.895245	-0.900523
0.823069	0.892337	-0.897836
0.824047	0.889574	-0.895114
0.825024	0.886982	-0.892359
0.826002	0.884343	-0.889570
0.826979	0.881375	-0.886748
0.827957	0.878336	-0.883892
0.828935	0.875469	-0.881003
0.829912	0.872761	-0.878080
0.830890	0.869866	-0.875125
0.831867	0.866687	-0.872136
0.832845	0.863516	-0.869115
0.833822	0.860552	-0.866061
0.834800	0.857687	-0.862974
0.835777	0.854549	-0.859854
0.836755	0.851198	-0.856702
0.837732	0.847882	-0.853518
0.838710	0.844828	-0.850302
0.839687	0.841764	-0.847053
0.840665	0.838440	-0.843773
0.841642	0.834898	-0.840461
0.842620	0.831467	-0.837117
0.843597	0.828276	-0.833741
0.844575	0.825040	-0.830334
0.845552	0.821539	-0.826896
0.846530	0.817820	-0.823426
0.847507	0.814266	-0.819926
0.848485	0.810909	-0.816394
0.849462	0.807543	-0.812832
0.850440	0.803856	-0.809239
0.851417	0.800000	-0.805615
0.852395	0.796267	-0.801962
0.853372	0.792773	-0.798277
0.854350	0.789257	-0.794563
0.855327	0.785440	-0.790819
0.856305	0.781430	-0.787045
0.857283	0.777510	-0.783241
0.858260	0.773863	-0.779408
0.859238	0.770207	-0.775545
0.860215	0.766305	-0.771653
0.861193	0.762126	-0.767732
0.862170	0.758034	-0.763782
0.863148	0.754176	-0.759803
0.864125	0.750423	-0.755796
0.865103	0.746430	-0.751760
0.866080	0.742147	-0.747695
0.867058	0.737841	-0.743603
0.868035	0.733767	-0.739482
0.869013	0.729882	-0.735334
0.869990	0.725837	-0.731157
0.870968	0.721495	-0.726954
0.871945	0.716985	-0.722722
0.872923	0.712675	-0.718464
0.873900	0.708589	-0.714178
0.874878	0.704524	-0.709866
0.875855	0.700150	-0.705526
0.876833	0.695531	-0.701160
0.877810	0.690934	-0.696768
0.878788	0.686611	-0.692349
0.879765	0.682442	-0.687904
0.880743	0.678112	-0.683434
0.881720	0.673462	-0.678937
0.882698	0.668646	-0.674415
0.883675	0.664009	-0.669867
0.884653	0.659625	-0.665295
0.885630	0.655314	-0.660697
0.886608	0.650728	-0.656074
0.887586	0.645854	-0.651426
0.888563	0.640898	-0.646754
0.889541	0.636193	-0.642057
0.890518	0.631719	-0.637336
0.891496	0.627242	-0.632592
0.892473	0.622456	-0.627823
0.893451	0.617391	-0.623030
0.894428	0.612311	-0.618215
0.895406	0.607490	-0.613375
0.896383	0.602910	-0.608513
0.897361	0.598283	-0.603628
0.898338	0.593357	-0.598719
0.899316	0.588131	-0.593789
0.900293	0.582907	-0.588836
0.901271	0.577926	-0.583860
0.902248	0.573219	-0.578863
0.903226	0.568482	-0.573844
0.904203	0.563475	-0.568803
0.905181	0.558130	-0.563741
0.906158	0.552735	-0.558657
0.907136	0.547546	-0.553553
0.908113	0.542669	-0.548427
0.909091	0.537857	-0.543281
0.910068	0.532829	-0.538114
0.911046	0.527441	-0.532927
0.912023	0.521877	-0.527720
0.913001	0.516435	-0.522493
0.913978	0.511307	-0.517247
0.914956	0.506393	-0.511980
0.915934	0.501393	-0.506695
0.916911	0.496073	-0.501390
0.917889	0.490428	-0.496067
0.918866	0.484731	-0.490724
0.919844	0.479251	-0.485364
0.920821	0.474105	-0.479985
0.921799	0.469090	-0.474587
0.922776	0.463930	-0.469172
0.923754	0.458399	-0.463740
0.924731	0.452591	-0.458289
0.925709	0.446747	-0.452822
0.926686	0.441173	-0.447337
0.927664	0.435915	-0.441836
0.928641	0.430821	-0.436317
0.929619	0.425565	-0.430783
0.930596	0.419963	-0.425232
0.931574	0.414028	-0.419665
0.932551	0.408025	-0.414082
0.933529	0.402228	-0.408484
0.934506	0.396787	-0.402870
0.935484	0.391582	-0.397241
0.936461	0.386343	-0.391597
0.937439	0.380800	-0.385938
0.938416	0.374875	-0.380265
0.939394	0.368720	-0.374577
0.940371	0.362620	-0.368875
0.941349	0.356825	-0.363160
0.942326	0.351382	-0.357430
0.943304	0.346135	-0.351687
0.944282	0.340785	-0.345931
0.945259	0.335107	-0.340162
0.946237	0.329029	-0.334380
0.947214	0.322722	-0.328585
0.948192	0.316448	-0.322778
0.949169	0.310477	-0.316959
0.950147	0.304880	-0.311128
0.951124	0.299558	-0.305285
0.952102	0.294233	-0.299431
0.953079	0.288655	-0.293565
0.954057	0.282659	-0.287688
0.955034	0.276308	-0.281800
0.956012	0.269800	-0.275902
0.956989	0.263430	-0.269993
0.957967	0.257397	-0.264074
0.958944	0.251776	-0.258146
0.959922	0.246428	-0.252207
0.960899	0.241122	-0.246259
0.961877	0.235576	-0.240302
0.962854	0.229627	-0.234335
0.963832	0.223246	-0.228360
0.964809	0.216590	-0.222376
0.965787	0.209895	-0.216384
0.966764	0.203432	-0.210383
0.967742	0.197365	-0.204375
0.968719	0.191737	-0.198359
0.969697	0.186421	-0.192335
0.970674	0.181201	-0.186304
0.971652	0.175813	-0.180266
0.972630	0.170052	-0.174222
0.973607	0.163815	-0.168171
0.974585	0.157143	-0.162113
0.975562	0.150188	-0.156049
0.976540	0.143187	-0.149980
0.977517	0.136382	-0.143904
0.978495	0.129968	-0.137824
0.979472	0.124044	-0.131738
0.980450	0.118597	-0.125647
0.981427	0.113505	-0.119551
0.982405	0.108572	-0.113451
0.983382	0.103569	-0.107347
0.984360	0.098277	-0.101239
0.985337	0.092530	-0.095126
0.986315	0.086238	-0.089011
0.987292	0.079401	-0.082891
0.988270	0.072097	-0.076769
0.989247	0.064476	-0.070644
0.990225	0.056730	-0.064516
0.991202	0.049074	-0.058386
0.992180	0.041715	-0.052253
0.993157	0.034843	-0.046119
0.994135	0.028615	-0.039982
0.995112	0.023150	-0.033845
0.996090	0.018530	-0.027706
0.997067	0.014806	-0.021566
0.998045	0.012005	-0.015425
0.999022	0.010136	-0.009283
1.000000	0.009201	-0.003142
x	 u	 u_exact
0.000000	-0.010682	-0.003142
0.000978	-0.012635	0.003000
0.001955	-0.015273	0.009142
0.002933	-0.018642	0.015284
0.003910	-0.022772	0.021424
0.004888	-0.027674	0.027565
0.005865	-0.033329	0.033704
0.006843	-0.039680	0.039841
0.007820	-0.046630	0.045978
0.008798	-0.054042	0.052112
0.009775	-0.061739	0.058245
0.010753	-0.069522	0.064375
0.011730	-0.077185	0.070503
0.012708	-0.084537	0.076628
0.013685	-0.091430	0.082751
0.014663	-0.097778	0.088870
0.015640	-0.103578	0.094986
0.016618	-0.108914	0.101098
0.017595	-0.113946	0.107207
0.018573	-0.118888	0.113311
0.019550	-0.123970	0.119411
0.020528	-0.129390	0.125507
0.021505	-0.135278	0.131598
0.022483	-0.141654	0.137684
0.023460	-0.148432	0.143765
0.024438	-0.155420	0.149840
0.025415	-0.162384	0.155910
0.026393	-0.169085	0.161974
0.027370	-0.175365	0.168031
0.028348	-0.181170	0.174083
0.029326	-0.186596	0.180127
0.030303	-0.191833	0.186165
0.031281	-0.197146	0.192196
0.032258	-0.202751	0.198220
0.033236	-0.208787	0.204237
0.034213	-0.215221	0.210245
0.035191	-0.221904	0.216246
0.036168	-0.228569	0.222238
0.037146	-0.234983	0.228222
0.038123	-0.240972	0.234198
0.039101	-0.246562	0.240164
0.040078	-0.251892	0.246122
0.041056	-0.257245	0.252070
0.042033	-0.262846	0.258009
0.043011	-0.268853	0.263938
0.043988	-0.275198	0.269857
0.044966	-0.281707	0.275766
0.045943	-0.288076	0.281665
0.046921	-0.294115	0.287553
0.047898	-0.299734	0.293430
0.048876	-0.305091	0.299296
0.049853	-0.310418	0.305150
0.050831	-0.316001	0.310994
0.051808	-0.321946	0.316825
0.052786	-0.328204	0.322645
0.053763	-0.334517	0.328452
0.054741	-0.340627	0.334247
0.055718	-0.346348	0.340029
0.056696	-0.351736	0.345799
0.057674	-0.357000	0.351555
0.058651	-0.362435	0.357298
0.059629	-0.368209	0.363028
0.060606	-0.374292	0.368744
0.061584	-0.380455	0.374446
0.062561	-0.386409	0.380134
0.063539	-0.391998	0.385808
0.064516	-0.397272	0.391467
0.065494	-0.402492	0.397111
0.066471	-0.407919	0.402741
0.067449	-0.413699	0.408355
0.068426	-0.419692	0.413954
0.069404	-0.425651	0.419537
0.070381	-0.431289	0.425104
0.071359	-0.436593	0.430655
0.072336	-0.441706	0.436190
0.073314	-0.446966	0.441709
0.074291	-0.452518	0.447211
0.075269	-0.458356	0.452696
0.076246	-0.464177	0.458164
0.077224	-0.469750	0.463614
0.078201	-0.474952	0.469048
0.079179	-0.479994	0.474463
0.080156	-0.485138	0.479861
0.081134	-0.490603	0.485240
0.082111	-0.496293	0.490601
0.083089	-0.501958	0.495944
0.084066	-0.507322	0.501268
0.085044	-0.512362	0.506573
0.086022	-0.517299	0.511859
0.086999	-0.522418	0.517126
0.087977	-0.527849	0.522373
0.088954	-0.533413	0.527600
0.089932	-0.538838	0.532808
0.090909	-0.543907	0.537995
0.091887	-0.548759	0.543162
0.092864	-0.553638	0.548309
0.093842	-0.558819	0.553435
0.094819	-0.564205	0.558540
0.095797	-0.569577	0.563624
0.096774	-0.574625	0.568687
0.097752	-0.579406	0.573728
0.098729	-0.584126	0.578748
0.099707	-0.589101	0.583746
0.100684	-0.594316	0.588721
0.101662	-0.599561	0.593675
0.102639	-0.604531	0.598606
0.103617	-0.609200	0.603515
0.104594	-0.613802	0.608401
0.105572	-0.618613	0.613264
0.106549	-0.623691	0.618103
0.107527	-0.628770	0.622920
0.108504	-0.633605	0.627713
0.109482	-0.638120	0.632482
0.110459	-0.642618	0.637228
0.111437	-0.647311	0.641949
0.112414	-0.652269	0.646646
0.113392	-0.657163	0.651319
0.114370	-0.661799	0.655967
0.115347	-0.666147	0.660591
0.116325	-0.670545	0.665189
0.117302	-0.675174	0.669763
0.118280	-0.679994	0.674311
0.119257	-0.684679	0.678833
0.120235	-0.689055	0.683331
0.121212	-0.693260	0.687802
0.122190	-0.697581	0.692247
0.123167	-0.702178	0.696667
0.124145	-0.706808	0.701060
0.125122	-0.711233	0.705426
0.126100	-0.715337	0.709766
0.127077	-0.719447	0.714079
0.128055	-0.723747	0.718366
0.129032	-0.728265	0.722625
0.130010	-0.732638	0.726857
0.130987	-0.736736	0.731061
0.131965	-0.740652	0.735238
0.132942	-0.744727	0.739387
0.133920	-0.749033	0.743508
0.134897	-0.753336	0.747602
0.135875	-0.757383	0.751667
0.136852	-0.761171	0.755703
0.137830	-0.765046	0.759711
0.138807	-0.769127	0.763691
0.139785	-0.773329	0.767642
0.140762	-0.777270	0.771563
0.141740	-0.780978	0.775456
0.142717	-0.784638	0.779319
0.143695	-0.788558	0.783153
0.144673	-0.792579	0.786958
0.145650	-0.796438	0.790733
0.146628	-0.800005	0.794477
0.147605	-0.803517	0.798192
0.148583	-0.807254	0.801877
0.149560	-0.811113	0.805532
0.150538	-0.814848	0.809156
0.151515	-0.818257	0.812750
0.152493	-0.821645	0.816313
0.153470	-0.825192	0.819845
0.154448	-0.828927	0.823346
0.155425	-0.832466	0.826816
0.156403	-0.835752	0.830255
0.157380	-0.838968	0.833663
0.158358	-0.842396	0.837039
0.159335	-0.845955	0.840384
0.160313	-0.849317	0.843697
0.161290	-0.852438	0.846978
0.162268	-0.855503	0.850228
0.163245	-0.858827	0.853445
0.164223	-0.862189	0.856630
0.165200	-0.865381	0.859782
0.166178	-0.868288	0.862902
0.167155	-0.871268	0.865990
0.168133	-0.874441	0.869045
0.169110	-0.877642	0.872067
0.170088	-0.880594	0.875057
0.171065	-0.883335	0.878013
0.172043	-0.886218	0.880936
0.173021	-0.889253	0.883826
0.173998	-0.892265	0.886683
0.174976	-0.894950	0.889506
0.175953	-0.897577	0.892295
0.176931	-0.900340	0.895051
0.177908	-0.903263	0.897773
0.178886	-0.905996	0.900462
0.179863	-0.908475	0.903116
0.180841	-0.910981	0.905736
0.181818	-0.913663	0.908322
0.182796	-0.916402	0.910874
0.183773	-0.918838	0.913392
0.184751	-0.921158	0.915875
0.185728	-0.923560	0.918323
0.186706	-0.926166	0.920737
0.187683	-0.928612	0.923116
0.188661	-0.930811	0.925460
0.189638	-0.932988	0.927770
0.190616	-0.935344	0.930044
0.191593	-0.937765	0.932283
0.192571	-0.939897	0.934488
0.193548	-0.941912	0.936656
0.194526	-0.944001	0.938790
0.195503	-0.946290	0.940888
0.196481	-0.948398	0.942951
0.197458	-0.950278	0.944978
0.198436	-0.952159	0.946969
0.199413	-0.954218	0.948925
0.200391	-0.956295	0.950845
0.201369	-0.958068	0.952729
0.202346	-0.959781	0.954577
0.203324	-0.961600	0.956389
0.204301	-0.963565	0.958165
0.205279	-0.965286	0.959905
0.206256	-0.966827	0.961608
0.207234	-0.968453	0.963276
0.208211	-0.970222	0.964907
0.209189	-0.971910	0.966501
0.210166	-0.973296	0.968059
0.211144	-0.974742	0.969581
0.212121	-0.976313	0.971066
0.213099	-0.977904	0.972515
0.214076	-0.979203	0.973926
0.215054	-0.980438	0.975301
0.216031	-0.981850	0.976640
0.217009	-0.983279	0.977941
0.217986	-0.984521	0.979205
0.218964	-0.985557	0.980433
0.219941	-0.986797	0.981623
0.220919	-0.988078	0.982777
0.221896	-0.989207	0.983893
0.222874	-0.990120	0.984973
0.223851	-0.991134	0.986015
0.224829	-0.992306	0.987020
0.225806	-0.993277	0.987988
0.226784	-0.994087	0.988918
0.227761	-0.994896	0.989811
0.228739	-0.995918	0.990667
0.229717	-0.996773	0.991486
0.230694	-0.997419	0.992267
0.231672	-0.998098	0.993010
0.232649	-0.998912	0.993717
0.233627	-0.999681	0.994385
0.234604	-1.000148	0.995016
0.235582	-1.000689	0.995610
0.236559	-1.001338	0.996166
0.237537	-1.001952	0.996685
0.238514	-1.002307	0.997166
0.239492	-1.002648	0.997609
0.240469	-1.003191	0.998015
0.241447	-1.003609	0.998383
0.242424	-1.003854	0.998713
0.243402	-1.004026	0.999006
0.244379	-1.004415	0.999261
0.245357	-1.004703	0.999478
0.246334	-1.004755	0.999657
0.247312	-1.004834	0.999799
0.248289	-1.005022	0.999904
0.249267	-1.005194	0.999970
0.250244	-1.005064	0.999999
0.251222	-1.005009	0.999990
0.252199	-1.005069	0.999943
0.253177	-1.005036	0.999859
0.254154	-1.004802	0.999736
0.255132	-1.004559	0.999577
0.256109	-1.004523	0.999379
0.257087	-1.004286	0.999144
0.258065	-1.003904	0.998871
0.259042	-1.003552	0.998560
0.260020	-1.003329	0.998212
0.260997	-1.002969	0.997826
0.261975	-1.002375	0.997402
0.262952	-1.001954	0.996941
0.263930	-1.001548	0.996442
0.264907	-1.001009	0.995906
0.265885	-1.000292	0.995332
0.266862	-0.999712	0.994720
0.267840	-0.999203	0.994071
0.268817	-0.998417	0.993384
0.269795	-0.997618	0.992660
0.270772	-0.996896	0.991899
0.271750	-0.996211	0.991100
0.272727	-0.995271	0.990264
0.273705	-0.994302	0.989390
0.274682	-0.993525	0.988479
0.275660	-0.992590	0.987531
0.276637	-0.991520	0.986545
0.277615	-0.990432	0.985522
0.278592	-0.989508	0.984463
0.279570	-0.988415	0.983366
0.280547	-0.987129	0.982231
0.281525	-0.986015	0.981060
0.282502	-0.984880	0.979852
0.283480	-0.983613	0.978607
0.284457	-0.982201	0.977325
0.285435	-0.980960	0.976006
0.286413	-0.979700	0.974650
0.287390	-0.978170	0.973257
0.288368	-0.976723	0.971828
0.289345	-0.975329	0.970362
0.290323	-0.973872	0.968860
0.291300	-0.972202	0.967321
0.292278	-0.970619	0.965745
0.293255	-0.969151	0.964133
0.294233	-0.967411	0.962485
0.295210	-0.965662	0.960800
0.296188	-0.963986	0.959079
0.297165	-0.962310	0.957322
0.298143	-0.960425	0.955529
0.299120	-0.958517	0.953700
0.300098	-0.956805	0.951834
0.301075	-0.954862	0.949933
0.302053	-0.952835	0.947996
0.303030	-0.950887	0.946024
0.304008	-0.948961	0.944015
0.304985	-0.946875	0.941971
0.305963	-0.944674	0.939892
0.306940	-0.942694	0.937777
0.307918	-0.940551	0.935626
0.308895	-0.938253	0.933441
0.309873	-0.936055	0.931220
0.310850	-0.933866	0.928964
0.311828	-0.931566	0.926673
0.312805	-0.929110	0.924347
0.313783	-0.926851	0.921986
0.314761	-0.924507	0.919590
0.315738	-0.921941	0.917160
0.316716	-0.919506	0.914695
0.317693	-0.917066	0.912195
0.318671	-0.914524	0.909661
0.319648	-0.911848	0.907093
0.320626	-0.909308	0.904491
0.321603	-0.906758	0.901854
0.322581	-0.903935	0.899184
0.323558	-0.901261	0.896479
0.324536	-0.898600	0.893741
0.325513	-0.895783	0.890969
0.326491	-0.892913	0.888163
0.327468	-0.890110	0.885324
0.328446	-0.887326	0.882452
0.329423	-0.884278	0.879546
0.330401	-0.881353	0.876607
0.331378	-0.878492	0.873635
0.332356	-0.875390	0.870630
0.333333	-0.872325	0.867592
0.334311	-0.869301	0.864521
0.335288	-0.866239	0.861418
0.336266	-0.863004	0.858282
0.337243	-0.859830	0.855114
0.338221	-0.856760	0.851914
0.339198	-0.853402	0.848682
0.340176	-0.850118	0.845417
0.341153	-0.846918	0.842121
0.342131	-0.843547	0.838793
0.343109	-0.840137	0.835433
0.344086	-0.836757	0.832042
0.345064	-0.833421	0.828619
0.346041	-0.829863	0.825165
0.347019	-0.826348	0.821680
0.347996	-0.822970	0.818164
0.348974	-0.819316	0.814617
0.349951	-0.815707	0.811039
0.350929	-0.812179	0.807431
0.351906	-0.808522	0.803792
0.352884	-0.804800	0.800123
0.353861	-0.801096	0.796424
0.354839	-0.797465	0.792695
0.355816	-0.793605	0.788936
0.356794	-0.789781	0.785147
0.357771	-0.786099	0.781328
0.358749	-0.782147	0.777480
0.359726	-0.778240	0.773603
0.360704	-0.774414	0.769696
0.361681	-0.770452	0.765761
0.362659	-0.766442	0.761796
0.363636	-0.762451	0.757803
0.364614	-0.758512	0.753781
0.365591	-0.754367	0.749731
0.366569	-0.750262	0.745653
0.367546	-0.746288	0.741546
0.368524	-0.742036	0.737411
0.369501	-0.737858	0.733249
0.370479	-0.733762	0.729059
0.371457	-0.729481	0.724841
0.372434	-0.725212	0.720597
0.373412	-0.720965	0.716324
0.374389	-0.716705	0.712025
0.375367	-0.712301	0.707699
0.376344	-0.707944	0.703347
0.377322	-0.703676	0.698967
0.378299	-0.699141	0.694562
0.379277	-0.694719	0.690130
0.380254	-0.690367	0.685672
0.381232	-0.685766	0.681189
0.382209	-0.681272	0.676679
0.383187	-0.676792	0.672144
0.384164	-0.672192	0.667584
0.385142	-0.667579	0.662999
0.386119	-0.662991	0.658388
0.387097	-0.658402	0.653753
0.388074	-0.653642	0.649093
0.389052	-0.648992	0.644409
0.390029	-0.644366	0.639700
0.391007	-0.639489	0.634967
0.391984	-0.634797	0.630210
0.392962	-0.630077	0.625430
0.393939	-0.625150	0.620625
0.394917	-0.620381	0.615798
0.395894	-0.615557	0.610947
0.396872	-0.610629	0.606073
0.397849	-0.605733	0.601176
0.398827	-0.600842	0.596257
0.399804	-0.595907	0.591315
0.400782	-0.590865	0.586351
0.401760	-0.585948	0.581364
0.402737	-0.580960	0.576356
0.403715	-0.575806	0.571326
0.404692	-0.570870	0.566275
0.405670	-0.565790	0.561202
0.406647	-0.560583	0.556108
0.407625	-0.555588	0.550993
0.408602	-0.550418	0.545857
0.409580	-0.545196	0.540700
0.410557	-0.540094	0.535523
0.411535	-0.534874	0.530326
0.412512	-0.529630	0.525109
0.413490	-0.524400	0.519872
0.414467	-0.519174	0.514616
0.415445	-0.513869	0.509340
0.416422	-0.508533	0.504045
0.417400	-0.503312	0.498731
0.418377	-0.497911	0.493398
0.419355	-0.492517	0.488046
0.420332	-0.487273	0.482676
0.421310	-0.481774	0.477288
0.422287	-0.476360	0.471882
0.423265	-0.471050	0.466458
0.424242	-0.465483	0.461017
0.425220	-0.460053	0.455558
0.426197	-0.454646	0.450082
0.427175	-0.449055	0.444588
0.428152	-0.443583	0.439079
0.429130	-0.438082	0.433552
0.430108	-0.432495	0.428009
0.431085	-0.426945	0.422450
0.432063	-0.421381	0.416875
0.433040	-0.415796	0.411285
0.434018	-0.410146	0.405679
0.434995	-0.404560	0.400057
0.435973	-0.398946	0.394421
0.436950	-0.393205	0.388769
0.437928	-0.387620	0.383103
0.438905	-0.381942	0.377423
0.439883	-0.376142	0.371728
0.440860	-0.370556	0.366019
0.441838	-0.364792	0.360297
0.442815	-0.358972	0.354560
0.443793	-0.353360	0.348811
0.444770	-0.347514	0.343048
0.445748	-0.341698	0.337273
0.446725	-0.336030	0.331484
0.447703	-0.330125	0.325683
0.448680	-0.324318	0.319870
0.449658	-0.318571	0.314045
0.450635	-0.312641	0.308208
0.451613	-0.306824	0.302359
0.452590	-0.300998	0.296499
0.453568	-0.295067	0.290628
0.454545	-0.289215	0.284745
0.455523	-0.283328	0.278852
0.456500	-0.277404	0.272949
0.457478	-0.271495	0.267035
0.458456	-0.265574	0.261111
0.459433	-0.259648	0.255178
0.460411	-0.253674	0.249234
0.461388	-0.247746	0.243281
0.462366	-0.241796	0.237319
0.463343	-0.235767	0.231349
0.464321	-0.229848	0.225369
0.465298	-0.223850	0.219381
0.466276	-0.217789	0.213384
0.467253	-0.211877	0.207380
0.468231	-0.205817	0.201368
0.469208	-0.199750	0.195348
0.470186	-0.193833	0.189321
0.471163	-0.187709	0.183286
0.472141	-0.181658	0.177245
0.473118	-0.175715	0.171197
0.474096	-0.169539	0.165143
0.475073	-0.163517	0.159082
0.476051	-0.157527	0.153015
0.477028	-0.151318	0.146943
0.478006	-0.145326	0.140865
0.478983	-0.139274	0.134781
0.479961	-0.133059	0.128693
0.480938	-0.127086	0.122600
0.481916	-0.120968	0.116502
0.482893	-0.114768	0.110400
0.483871	-0.108798	0.104293
0.484848	-0.102618	0.098183
0.485826	-0.096452	0.092069
0.486804	-0.090465	0.085951
0.487781	-0.084237	0.079831
0.488759	-0.078112	0.073707
0.489736	-0.072092	0.067580
0.490714	-0.065835	0.061451
0.491691	-0.059752	0.055320
0.492669	-0.053686	0.049186
0.493646	-0.047420	0.043051
0.494624	-0.041373	0.036914
0.495601	-0.035255	0.030775
0.496579	-0.029001	0.024636
0.497556	-0.022978	0.018495
0.498534	-0.016808	0.012354
0.499511	-0.010584	0.006213
0.500489	-0.004571	0.000071
0.501466	0.001645	-0.006071
0.502444	0.007826	-0.012213
0.503421	0.013845	-0.018354
0.504399	0.020094	-0.024495
0.505376	0.026225	-0.030634
0.506354	0.032265	-0.036773
0.507331	0.038530	-0.042910
0.508309	0.044609	-0.049045
0.509286	0.050681	-0.055179
0.510264	0.056943	-0.061310
0.511241	0.062975	-0.067439
0.512219	0.069086	-0.073566
0.513196	0.075326	-0.079690
0.514174	0.081321	-0.085811
0.515152	0.087473	-0.091928
0.516129	0.093672	-0.098042
0.517107	0.099644	-0.104153
0.518084	0.105830	-0.110259
0.519062	0.111974	-0.116362
0.520039	0.117941	-0.122460
0.521017	0.124148	-0.128553
0.521994	0.130230	-0.134641
0.522972	0.136207	-0.140725
0.523949	0.142416	-0.146803
0.524927	0.148436	-0.152876
0.525904	0.154435	-0.158942
0.526882	0.160624	-0.165003
0.527859	0.166593	-0.171058
0.528837	0.172616	-0.177106
0.529814	0.178765	-0.183147
0.530792	0.184698	-0.189182
0.531769	0.190739	-0.195209
0.532747	0.196834	-0.201229
0.533724	0.202750	-0.207242
0.534702	0.208790	-0.213246
0.535679	0.214829	-0.219243
0.536657	0.220742	-0.225231
0.537634	0.226760	-0.231211
0.538612	0.232751	-0.237182
0.539589	0.238664	-0.243144
0.540567	0.244640	-0.249097
0.541544	0.250601	-0.255041
0.542522	0.256504	-0.260975
0.543500	0.262426	-0.266899
0.544477	0.268374	-0.272813
0.545455	0.274249	-0.278717
0.546432	0.280119	-0.284610
0.547410	0.286065	-0.290493
0.548387	0.291889	-0.296364
0.549365	0.297720	-0.302225
0.550342	0.303662	-0.308073
0.551320	0.309416	-0.313911
0.552297	0.315229	-0.319736
0.553275	0.321149	-0.325550
0.554252	0.326831	-0.331351
0.555230	0.332642	-0.337140
0.556207	0.338514	-0.342916
0.557185	0.344137	-0.348679
0.558162	0.349947	-0.354428
0.559140	0.355748	-0.360165
0.560117	0.361337	-0.365888
0.561095	0.367128	-0.371597
0.562072	0.372852	-0.377292
0.563050	0.378428	-0.382973
0.564027	0.384169	-0.388639
0.565005	0.389829	-0.394291
0.565982	0.395400	-0.399928
0.566960	0.401062	-0.405550
0.567937	0.406684	-0.411156
0.568915	0.412235	-0.416747
0.569892	0.417805	-0.422322
0.570870	0.423417	-0.427882
0.571848	0.428916	-0.433425
0.572825	0.434406	-0.438952
0.573803	0.440014	-0.444462
0.574780	0.445434	-0.449955
0.575758	0.450870	-0.455432
0.576735	0.456457	-0.460891
0.577713	0.461790	-0.466333
0.578690	0.467197	-0.471758
0.579668	0.472727	-0.477164
0.580645	0.477994	-0.482553
0.581623	0.483372	-0.487923
0.582600	0.488815	-0.493275
0.583578	0.494053	-0.498608
0.584555	0.499375	-0.503923
0.585533	0.504726	-0.509219
0.586510	0.509960	-0.514495
0.587488	0.515189	-0.519752
0.588465	0.520472	-0.524989
0.589443	0.525699	-0.530207
0.590420	0.530811	-0.535404
0.591398	0.536055	-0.540581
0.592375	0.541247	-0.545738
0.593353	0.546252	-0.550875
0.594330	0.551467	-0.555990
0.595308	0.556587	-0.561085
0.596285	0.561526	-0.566158
0.597263	0.566685	-0.571210
0.598240	0.571724	-0.576241
0.599218	0.576633	-0.581250
0.600196	0.581687	-0.586236
0.601173	0.586669	-0.591201
0.602151	0.591553	-0.596144
0.603128	0.596470	-0.601063
0.604106	0.601431	-0.605961
0.605083	0.606263	-0.610835
0.606061	0.611048	-0.615686
0.607038	0.615997	-0.620515
0.608016	0.620746	-0.625319
0.608993	0.625440	-0.630100
0.609971	0.630339	-0.634858
0.610948	0.635008	-0.639591
0.611926	0.639645	-0.644301
0.612903	0.644435	-0.648986
0.613881	0.649065	-0.653646
0.614858	0.653642	-0.658282
0.615836	0.658289	-0.662893
0.616813	0.662920	-0.667479
0.617791	0.667405	-0.672040
0.618768	0.671921	-0.676575
0.619746	0.676548	-0.681085
0.620723	0.680928	-0.685569
0.621701	0.685350	-0.690028
0.622678	0.689918	-0.694460
0.623656	0.694224	-0.698866
0.624633	0.698567	-0.703246
0.625611	0.703015	-0.707600
0.626588	0.707307	-0.711926
0.627566	0.711548	-0.716226
0.628543	0.715855	-0.720499
0.629521	0.720162	-0.724744
0.630499	0.724274	-0.728962
0.631476	0.728466	-0.733153
0.632454	0.732752	-0.737316
0.633431	0.736757	-0.741451
0.634409	0.740854	-0.745559
0.635386	0.745047	-0.749638
0.636364	0.749016	-0.753689
0.637341	0.752999	-0.757711
0.638319	0.757055	-0.761705
0.639296	0.761042	-0.765670
0.640274	0.764880	-0.769606
0.641251	0.768809	-0.773513
0.642229	0.772795	-0.777391
0.643206	0.776506	-0.781240
0.644184	0.780327	-0.785059
0.645161	0.784234	-0.788849
0.646139	0.787897	-0.792609
0.647116	0.791593	-0.796339
0.648094	0.795363	-0.800039
0.649071	0.799047	-0.803708
0.650049	0.802587	-0.807348
0.651026	0.806220	-0.810957
0.652004	0.809908	-0.814535
0.652981	0.813318	-0.818083
0.653959	0.816829	-0.821599
0.654936	0.820435	-0.825085
0.655914	0.823806	-0.828540
0.656891	0.827180	-0.831963
0.657869	0.830635	-0.835355
0.658847	0.834036	-0.838716
0.659824	0.837253	-0.842045
0.660802	0.840555	-0.845342
0.661779	0.843951	-0.848607
0.662757	0.847059	-0.851840
0.663734	0.850225	-0.855041
0.664712	0.853507	-0.858210
0.665689	0.856608	-0.861346
0.666667	0.859632	-0.864450
0.667644	0.862732	-0.867522
0.668622	0.865869	-0.870560
0.669599	0.868758	-0.873566
0.670577	0.871689	-0.876539
0.671554	0.874775	-0.879479
0.672532	0.877607	-0.882385
0.673509	0.880403	-0.885258
0.674487	0.883312	-0.888098
0.675464	0.886170	-0.890905
0.676442	0.888848	-0.893678
0.677419	0.891540	-0.896417
0.678397	0.894396	-0.899122
0.679374	0.896995	-0.901793
0.680352	0.899532	-0.904430
0.681329	0.902239	-0.907034
0.682307	0.904835	-0.909603
0.683284	0.907281	-0.912137
0.684262	0.909740	-0.914638
0.685239	0.912340	-0.917103
0.686217	0.914728	-0.919534
0.687195	0.916993	-0.921931
0.688172	0.919471	-0.924293
0.689150	0.921832	-0.926619
0.690127	0.924028	-0.928911
0.691105	0.926247	-0.931168
0.692082	0.928583	-0.933390
0.693060	0.930766	-0.935576
0.694037	0.932762	-0.937728
0.695015	0.934974	-0.939843
0.695992	0.937124	-0.941924
0.696970	0.939066	-0.943969
0.697947	0.941026	-0.945978
0.698925	0.943095	-0.947951
0.699902	0.945075	-0.949889
0.700880	0.946812	-0.951791
0.701857	0.948725	-0.953657
0.702835	0.950668	-0.955487
0.703812	0.952375	-0.957281
0.704790	0.954055	-0.959039
0.705767	0.955844	-0.960761
0.706745	0.957623	-0.962446
0.707722	0.959124	-0.964096
0.708700	0.960708	-0.965709
0.709677	0.962425	-0.967285
0.710655	0.963929	-0.968825
0.711632	0.965326	-0.970328
0.712610	0.966805	-0.971795
0.713587	0.968373	-0.973225
0.714565	0.969677	-0.974618
0.715543	0.970921	-0.975975
0.716520	0.972362	-0.977295
0.717498	0.973688	-0.978578
0.718475	0.974835	-0.979824
0.719453	0.975971	-0.981033
0.720430	0.977287	-0.982205
0.721408	0.978435	-0.983340
0.722385	0.979373	-0.984438
0.723363	0.980471	-0.985499
0.724340	0.981599	-0.986522
0.725318	0.982563	-0.987509
0.726295	0.983361	-0.988458
0.727273	0.984344	-0.989369
0.728250	0.985340	-0.990244
0.729228	0.986060	-0.991081
0.730205	0.986782	-0.991881
0.731183	0.987623	-0.992643
0.732160	0.988450	-0.993368
0.733138	0.988996	-0.994056
0.734115	0.989577	-0.994706
0.735093	0.990334	-0.995318
0.736070	0.990927	-0.995893
0.737048	0.991345	-0.996430
0.738025	0.991788	-0.996930
0.739003	0.992413	-0.997392
0.739980	0.992832	-0.997816
0.740958	0.993064	-0.998203
0.741935	0.993431	-0.998552
0.742913	0.993865	-0.998864
0.743891	0.994139	-0.999138
0.744868	0.994197	-0.999374
0.745846	0.994446	-0.999572
0.746823	0.994740	-0.999733
0.747801	0.994809	-0.999856
0.748778	0.994760	-0.999941
0.749756	0.994838	-0.999989
0.750733	0.995012	-0.999999
0.751711	0.994890	-0.999971
0.752688	0.994701	-0.999905
0.753666	0.994653	-0.999802
0.754643	0.994646	-0.999661
0.755621	0.994399	-0.999482
0.756598	0.994022	-0.999266
0.757576	0.993865	-0.999012
0.758553	0.993682	-0.998720
0.759531	0.993292	-0.998391
0.760508	0.992767	-0.998023
0.761486	0.992440	-0.997619
0.762463	0.992141	-0.997176
0.763441	0.991567	-0.996696
0.764418	0.990922	-0.996179
0.765396	0.990409	-0.995623
0.766373	0.989984	-0.995031
0.767351	0.989267	-0.994400
0.768328	0.988453	-0.993732
0.769306	0.987799	-0.993027
0.770283	0.987201	-0.992284
0.771261	0.986387	-0.991504
0.772239	0.985382	-0.990686
0.773216	0.984579	-0.989831
0.774194	0.983827	-0.988939
0.775171	0.982893	-0.988010
0.776149	0.981744	-0.987043
0.777126	0.980735	-0.986039
0.778104	0.979868	-0.984997
0.779081	0.978791	-0.983919
0.780059	0.977524	-0.982803
0.781036	0.976300	-0.981650
0.782014	0.975291	-0.980461
0.782991	0.974112	-0.979234
0.783969	0.972701	-0.977970
0.784946	0.971300	-0.976670
0.785924	0.970092	-0.975332
0.786901	0.968847	-0.973958
0.787879	0.967293	-0.972547
0.788856	0.965721	-0.971100
0.789834	0.964305	-0.969616
0.790811	0.962960	-0.968095
0.791789	0.961325	-0.966538
0.792766	0.959558	-0.964944
0.793744	0.957948	-0.963314
0.794721	0.956451	-0.961647
0.795699	0.954778	-0.959944
0.796676	0.952837	-0.958205
0.797654	0.951016	-0.956430
0.798631	0.949346	-0.954619
0.799609	0.947617	-0.952772
0.800587	0.945580	-0.950888
0.801564	0.943518	-0.948969
0.802542	0.941661	-0.947014
0.803519	0.939831	-0.945024
0.804497	0.937765	-0.942998
0.805474	0.935492	-0.940936
0.806452	0.933404	-0.938839
0.807429	0.931436	-0.936706
0.808407	0.929348	-0.934538
0.809384	0.926961	-0.932335
0.810362	0.924602	-0.930096
0.811339	0.922452	-0.927823
0.812317	0.920302	-0.925514
0.813294	0.917897	-0.923170
0.814272	0.915304	-0.920792
0.815249	0.912904	-0.918379
0.816227	0.910630	-0.915931
0.817204	0.908237	-0.913449
0.818182	0.905534	-0.910933
0.819159	0.902847	-0.908382
0.820137	0.900365	-0.905796
0.821114	0.897931	-0.903177
0.822092	0.895245	-0.900523
0.823069	0.892337	-0.897836
0.824047	0.889574	-0.895114
0.825024	0.886982	-0.892359
0.826002	0.884343	-0.889570
0.826979	0.881375	-0.886748
0.827957	0.878336	-0.883892
0.828935	0.875469	-0.881003
0.829912	0.872761	-0.878080
0.830890	0.869866	-0.875125
0.831867	0.866687	-0.872136
0.832845	0.863516	-0.869115
0.833822	0.860552	-0.866061
0.834800	0.857687	-0.862974
0.835777	0.854549	-0.859854
0.836755	0.851198	-0.856702
0.837732	0.847882	-0.853518
0.838710	0.844828	-0.850302
0.839687	0.841764	-0.847053
0.840665	0.838440	-0.843773
0.841642	0.834898	-0.840461
0.842620	0.831467	-0.837117
0.843597	0.828276	-0.833741
0.844575	0.825040	-0.830334
0.845552	0.821539	-0.826896
0.846530	0.817820	-0.823426
0.847507	0.814266	-0.819926
0.848485	0.810909	-0.816394
0.849462	0.807543	-0.812832
0.850440	0.803856	-0.809239
0.851417	0.800000	-0.805615
0.852395	0.796267	-0.801962
0.853372	0.792773	-0.798277
0.854350	0.789257	-0.794563
0.855327	0.785440	-0.790819
0.856305	0.781430	-0.787045
0.857283	0.777510	-0.783241
0.858260	0.773863	-0.779408
0.859238	0.770207	-0.775545
0.860215	0.766305	-0.771653
0.861193	0.762126	-0.767732
0.862170	0.758034	-0.763782
0.863148	0.754176	-0.759803
0.864125	0.750423	-0.755796
0.865103	0.746430	-0.751760
0.866080	0.742147	-0.747695
0.867058	0.737841	-0.743603
0.868035	0.733767	-0.739482
0.869013	0.729882	-0.735334
0.869990	0.725837	-0.731157
0.870968	0.721495	-0.726954
0.871945	0.716985	-0.722722
0.872923	0.712675	-0.718464
0.873900	0.708589	-0.714178
0.874878	0.704524	-0.709866
0.875855	0.700150	-0.705526
0.876833	0.695531	-0.701160
0.877810	0.690934	-0.696768
0.878788	0.686611	-0.692349
0.879765	0.682442	-0.687904
0.880743	0.678112	-0.683434
0.881720	0.673462	-0.678937
0.882698	0.668646	-0.674415
0.883675	0.664009	-0.669867
0.884653	0.659625	-0.665295
0.885630	0.655314	-0.660697
0.886608	0.650728	-0.656074
0.887586	0.645854	-0.651426
0.888563	0.640898	-0.646754
0.889541	0.636193	-0.642057
0.890518	0.631719	-0.637336
0.891496	0.627242	-0.632592
0.892473	0.622456	-0.627823
0.893451	0.617391	-0.623030
0.894428	0.612311	-0.618215
0.895406	0.607490	-0.613375
0.896383	0.602910	-0.608513
0.897361	0.598283	-0.603628
0.898338	0.593357	-0.598719
0.899316	0.588131	-0.593789
0.900293	0.582907	-0.588836
0.901271	0.577926	-0.583860
0.902248	0.573219	-0.578863
0.903226	0.568482	-0.573844
0.904203	0.563475	-0.568803
0.905181	0.558130	-0.563741
0.906158	0.552735	-0.558657
0.907136	0.547546	-0.553553
0.908113	0.542669	-0.548427
0.909091	0.537857	-0.543281
0.910068	0.532829	-0.538114
0.911046	0.527441	-0.532927
0.912023	0.521877	-0.527720
0.913001	0.516435	-0.522493
0.913978	0.511307	-0.517247
0.914956	0.506393	-0.511980
0.915934	0.501393	-0.506695
0.916911	0.496073	-0.501390
0.917889	0.490428	-0.496067
0.918866	0.484731	-0.490724
0.919844	0.479251	-0.485364
0.920821	0.474105	-0.479985
0.921799	0.469090	-0.474587
0.922776	0.463930	-0.469172
0.923754	0.458399	-0.463740
0.924731	0.452591	-0.458289
0.925709	0.446747	-0.452822
0.926686	0.441173	-0.447337
0.927664	0.435915	-0.441836
0.928641	0.430821	-0.436317
0.929619	0.425565	-0.430783
0.930596	0.419963	-0.425232
0.931574	0.414028	-0.419665
0.932551	0.408025	-0.414082
0.933529	0.402228	-0.408484
0.934506	0.396787	-0.402870
0.935484	0.391582	-0.397241
0.936461	0.386343	-0.391597
0.937439	0.380800	-0.385938
0.938416	0.374875	-0.380265
0.939394	0.368720	-0.374577
0.940371	0.362620	-0.368875
0.941349	0.356825	-0.363160
0.942326	0.351382	-0.357430
0.943304	0.346135	-0.351687
0.944282	0.340785	-0.345931
0.945259	0.335107	-0.340162
0.946237	0.329029	-0.334380
0.947214	0.322722	-0.328585
0.948192	0.316448	-0.322778
0.949169	0.310477	-0.316959
0.950147	0.304880	-0.311128
0.951124	0.299558	-0.305285
0.952102	0.294233	-0.299431
0.953079	0.288655	-0.293565
0.954057	0.282659	-0.287688
0.955034	0.276308	-0.281800
0.956012	0.269800	-0.275902
0.956989	0.263430	-0.269993
0.957967	0.257397	-0.264074
0.958944	0.251776	-0.258146
0.959922	0.246428	-0.252207
0.960899	0.241122	-0.246259
0.961877	0.235576	-0.240302
0.962854	0.229627	-0.234335
0.963832	0.223246	-0.228360
0.964809	0.216590	-0.222376
0.965787	0.209895	-0.216384
0.966764	0.203432	-0.210383
0.967742	0.197365	-0.204375
0.968719	0.191737	-0.198359
0.969697	0.186421	-0.192335
0.970674	0.181201	-0.186304
0.971652	0.175813	-0.180266
0.972630	0.170052	-0.174222
0.973607	0.163815	-0.168171
0.974585	0.157143	-0.162113
0.975562	0.150188	-0.156049
0.976540	0.143187	-0.149980
0.977517	0.136382	-0.143904
0.978495	0.129968	-0.137824
0.979472	0.124044	-0.131738
0.980450	0.118597	-0.125647
0.981427	0.113505	-0.119551
0.982405	0.108572	-0.113451
0.983382	0.103569	-0.107347
0.984360	0.098277	-0.101239
0.985337	0.092530	-0.095126
0.986315	0.086238	-0.089011
0.987292	0.079401	-0.082891
0.988270	0.072097	-0.076769
0.989247	0.064476	-0.070644
0.990225	0.056730	-0.064516
0.991202	0.049074	-0.058386
0.992180	0.041715	-0.052253
0.993157	0.034843	-0.046119
0.994135	0.028615	-0.039982
0.995112	0.023150	-0.033845
0.996090	0.018530	-0.027706
0.997067	0.014806	-0.021566
0.998045	0.012005	-0.015425
0.999022	0.010136	-0.009283
1.000000	0.009201	-0.003142
x	 u	 u_exact
0.000000	0.002700	-0.003142
0.001957	0.013693	0.009154
0.003914	0.025289	0.021448
0.005871	0.036253	0.033740
0.007828	0.047839	0.046026
0.009785	0.058837	0.058305
0.011742	0.070539	0.070575
0.013699	0.081759	0.082834
0.015656	0.093802	0.095081
0.017613	0.105470	0.107314
0.019569	0.118032	0.119531
0.021526	0.130226	0.131729
0.023483	0.143233	0.143907
0.025440	0.155710	0.156064
0.027397	0.168746	0.168197
0.029354	0.180988	0.180305
0.031311	0.193521	0.192385
0.033268	0.205123	0.204437
0.035225	0.216971	0.216457
0.037182	0.228076	0.228445
0.039139	0.239674	0.240398
0.041096	0.250932	0.252315
0.043053	0.262928	0.264193
0.045010	0.274796	0.276032
0.046967	0.287243	0.287829
0.048924	0.299350	0.299582
0.050881	0.311520	0.311291
0.052838	0.323079	0.322952
0.054795	0.334406	0.334564
0.056751	0.345359	0.346126
0.058708	0.356318	0.357635
0.060665	0.367513	0.369090
0.062622	0.378919	0.380490
0.064579	0.390750	0.391832
0.066536	0.402344	0.403115
0.068493	0.413998	0.414336
0.070450	0.424823	0.425496
0.072407	0.435695	0.436590
0.074364	0.445882	0.447619
0.076321	0.456750	0.458580
0.078278	0.467341	0.469472
0.080235	0.478811	0.480293
0.082192	0.489657	0.491041
0.084149	0.500800	0.501715
0.086106	0.510866	0.512313
0.088063	0.521117	0.522834
0.090020	0.530818	0.533276
0.091977	0.541199	0.543637
0.093933	0.551558	0.553915
0.095890	0.562240	0.564111
0.097847	0.572509	0.574220
0.099804	0.582288	0.584243
0.101761	0.591775	0.594178
0.103718	0.600992	0.604023
0.105675	0.610823	0.613776
0.107632	0.620513	0.623437
0.109589	0.630705	0.633003
0.111546	0.639916	0.642474
0.113503	0.649217	0.651848
0.115460	0.657627	0.661123
0.117417	0.666778	0.670298
0.119374	0.675723	0.679372
0.121331	0.685246	0.688343
0.123288	0.694112	0.697210
0.125245	0.702644	0.705971
0.127202	0.710747	0.714626
0.129159	0.718851	0.723173
0.131115	0.727525	0.731610
0.133072	0.735964	0.739937
0.135029	0.744567	0.748152
0.136986	0.752032	0.756254
0.138943	0.759779	0.764242
0.140900	0.767048	0.772114
0.142857	0.775225	0.779869
0.144814	0.782952	0.787506
0.146771	0.790597	0.795025
0.148728	0.797482	0.802423
0.150685	0.804216	0.809699
0.152642	0.811375	0.816854
0.154599	0.818473	0.823885
0.156556	0.825829	0.830791
0.158513	0.832036	0.837572
0.160470	0.838453	0.844226
0.162427	0.844373	0.850752
0.164384	0.851170	0.857150
0.166341	0.857530	0.863418
0.168297	0.863618	0.869556
0.170254	0.869126	0.875562
0.172211	0.874463	0.881436
0.174168	0.880479	0.887177
0.176125	0.886083	0.892783
0.178082	0.891806	0.898255
0.180039	0.896337	0.903590
0.181996	0.901360	0.908789
0.183953	0.906259	0.913851
0.185910	0.911543	0.918775
0.187867	0.916285	0.923559
0.189824	0.920294	0.928204
0.191781	0.924602	0.932709
0.193738	0.928735	0.937073
0.195695	0.933522	0.941294
0.197652	0.937172	0.945374
0.199609	0.940806	0.949311
0.201566	0.944121	0.953104
0.203523	0.947919	0.956753
0.205479	0.951735	0.960258
0.207436	0.954603	0.963617
0.209393	0.957564	0.966831
0.211350	0.960116	0.969898
0.213307	0.963550	0.972819
0.215264	0.966177	0.975592
0.217221	0.968460	0.978219
0.219178	0.970507	0.980697
0.221135	0.972685	0.983027
0.223092	0.975363	0.985209
0.225049	0.976907	0.987241
0.227006	0.978552	0.989124
0.228963	0.979799	0.990858
0.230920	0.981706	0.992442
0.232877	0.983225	0.993876
0.234834	0.983906	0.995159
0.236791	0.984857	0.996292
0.238748	0.985585	0.997275
0.240705	0.986912	0.998107
0.242661	0.987102	0.998787
0.244618	0.987188	0.999317
0.246575	0.987520	0.999696
0.248532	0.987778	0.999924
0.250489	0.988034	1.000000
0.252446	0.987116	0.999925
0.254403	0.986896	0.999699
0.256360	0.986580	0.999322
0.258317	0.986051	0.998794
0.260274	0.985049	0.998115
0.262231	0.983589	0.997285
0.264188	0.983085	0.996304
0.266145	0.981760	0.995173
0.268102	0.980203	0.993891
0.270059	0.978360	0.992458
0.272016	0.976735	0.990876
0.273973	0.975404	0.989144
0.275930	0.972802	0.987263
0.277886	0.970607	0.985232
0.279843	0.968383	0.983052
0.281800	0.966160	0.980723
0.283757	0.963486	0.978247
0.285714	0.960133	0.975622
0.287671	0.957772	0.972850
0.289628	0.954752	0.969931
0.291585	0.951354	0.966865
0.293542	0.947844	0.963653
0.295499	0.944359	0.960295
0.297456	0.941269	0.956793
0.299413	0.936907	0.953145
0.301370	0.932902	0.949353
0.303327	0.929182	0.945418
0.305284	0.924919	0.941340
0.307241	0.920532	0.937120
0.309198	0.915605	0.932758
0.311155	0.911492	0.928255
0.313112	0.906785	0.923611
0.315068	0.901306	0.918828
0.317025	0.896550	0.913906
0.318982	0.891411	0.908846
0.320939	0.886189	0.903648
0.322896	0.880378	0.898314
0.324853	0.874726	0.892844
0.326810	0.869606	0.887239
0.328767	0.863209	0.881500
0.330724	0.857118	0.875628
0.332681	0.851310	0.869623
0.334638	0.844988	0.863487
0.336595	0.838570	0.857220
0.338552	0.831699	0.850823
0.340509	0.825522	0.844298
0.342466	0.818792	0.837646
0.344423	0.811275	0.830866
0.346380	0.804728	0.823961
0.348337	0.797633	0.816932
0.350294	0.790122	0.809779
0.352250	0.782720	0.802503
0.354207	0.775227	0.795107
0.356164	0.767939	0.787590
0.358121	0.759694	0.779954
0.360078	0.751823	0.772200
0.362035	0.744425	0.764329
0.363992	0.735779	0.756343
0.365949	0.727555	0.748242
0.367906	0.719561	0.740028
0.369863	0.710970	0.731703
0.371820	0.702393	0.723266
0.373777	0.693584	0.714721
0.375734	0.685179	0.706067
0.377691	0.676242	0.697307
0.379648	0.666780	0.688441
0.381605	0.658328	0.679471
0.383562	0.649059	0.670398
0.385519	0.639297	0.661224
0.387476	0.630420	0.651950
0.389432	0.620890	0.642578
0.391389	0.611115	0.633108
0.393346	0.601544	0.623543
0.395303	0.591830	0.613883
0.397260	0.582125	0.604131
0.399217	0.571834	0.594287
0.401174	0.561972	0.584353
0.403131	0.552234	0.574331
0.405088	0.541410	0.564222
0.407045	0.531373	0.554028
0.409002	0.521427	0.543750
0.410959	0.510349	0.533390
0.412916	0.500062	0.522949
0.414873	0.489764	0.512429
0.416830	0.478675	0.501832
0.418787	0.468058	0.491159
0.420744	0.457352	0.480412
0.422701	0.446384	0.469592
0.424658	0.435387	0.458701
0.426614	0.424303	0.447740
0.428571	0.413469	0.436712
0.430528	0.402089	0.425618
0.432485	0.390706	0.414460
0.434442	0.379932	0.403238
0.436399	0.368216	0.391956
0.438356	0.356624	0.380615
0.440313	0.345802	0.369216
0.442270	0.333827	0.357761
0.444227	0.322098	0.346253
0.446184	0.311123	0.334691
0.448141	0.298978	0.323080
0.450098	0.287156	0.311419
0.452055	0.275958	0.299711
0.454012	0.263721	0.287958
0.455969	0.251825	0.276162
0.457926	0.240372	0.264324
0.459883	0.228105	0.252445
0.461840	0.216137	0.240529
0.463796	0.204430	0.228576
0.465753	0.192173	0.216589
0.467710	0.180128	0.204569
0.469667	0.168197	0.192518
0.471624	0.155971	0.180438
0.473581	0.143844	0.168330
0.475538	0.131729	0.156198
0.477495	0.119541	0.144041
0.479452	0.107333	0.131863
0.481409	0.095081	0.119665
0.483366	0.082929	0.107449
0.485323	0.070646	0.095216
0.487280	0.058304	0.082969
0.489237	0.046180	0.070710
0.491194	0.033838	0.058440
0.493151	0.021448	0.046161
0.495108	0.009343	0.033875
0.497065	-0.003040	0.021584
0.499022	-0.015439	0.009289
0.500978	-0.027535	-0.003006
0.502935	-0.039931	-0.015302
0.504892	-0.052309	-0.027595
0.506849	-0.064405	-0.039883
0.508806	-0.076784	-0.052166
0.510763	-0.089113	-0.064441
0.512720	-0.101220	-0.076706
0.514677	-0.113543	-0.088960
0.516634	-0.125803	-0.101200
0.518591	-0.137930	-0.113424
0.520548	-0.150154	-0.125632
0.522505	-0.162332	-0.137821
0.524462	-0.174486	-0.149989
0.526419	-0.186566	-0.162134
0.528376	-0.198654	-0.174254
0.530333	-0.210838	-0.186349
0.532290	-0.222726	-0.198415
0.534247	-0.234724	-0.210451
0.536204	-0.246931	-0.222455
0.538160	-0.258585	-0.234426
0.540117	-0.270498	-0.246361
0.542074	-0.282707	-0.258259
0.544031	-0.294100	-0.270118
0.545988	-0.305933	-0.281936
0.547945	-0.318104	-0.293711
0.549902	-0.329234	-0.305442
0.551859	-0.340984	-0.317127
0.553816	-0.353057	-0.328764
0.555773	-0.363955	-0.340351
0.557730	-0.375605	-0.351887
0.559687	-0.387498	-0.363370
0.561644	-0.398237	-0.374797
0.563601	-0.409742	-0.386168
0.565558	-0.421369	-0.397481
0.567515	-0.432051	-0.408733
0.569472	-0.443339	-0.419924
0.571429	-0.454623	-0.431051
0.573386	-0.465357	-0.442113
0.575342	-0.476339	-0.453108
0.577299	-0.487233	-0.464035
0.579256	-0.498094	-0.474892
0.581213	-0.508691	-0.485676
0.583170	-0.519195	-0.496388
0.585127	-0.530171	-0.507024
0.587084	-0.540353	-0.517583
0.589041	-0.550520	-0.528065
0.590998	-0.561477	-0.538466
0.592955	-0.571300	-0.548786
0.594912	-0.581212	-0.559024
0.596869	-0.591908	-0.569176
0.598826	-0.601514	-0.579243
0.600783	-0.611244	-0.589222
0.602740	-0.621400	-0.599112
0.604697	-0.630968	-0.608911
0.606654	-0.640543	-0.618618
0.608611	-0.649972	-0.628232
0.610568	-0.659604	-0.637751
0.612524	-0.668988	-0.647173
0.614481	-0.677717	-0.656498
0.616438	-0.687329	-0.665723
0.618395	-0.696446	-0.674848
0.620352	-0.704744	-0.683870
0.622309	-0.714050	-0.692789
0.624266	-0.722829	-0.701604
0.626223	-0.731074	-0.710312
0.628180	-0.739721	-0.718913
0.630137	-0.748134	-0.727405
0.632094	-0.756559	-0.735788
0.634051	-0.764386	-0.744059
0.636008	-0.772439	-0.752217
0.637965	-0.780914	-0.760262
0.639922	-0.788139	-0.768192
0.641879	-0.795835	-0.776006
0.643836	-0.803904	-0.783702
0.645793	-0.811013	-0.791280
0.647750	-0.818326	-0.798739
0.649706	-0.825546	-0.806076
0.651663	-0.832873	-0.813292
0.653620	-0.839784	-0.820385
0.655577	-0.846144	-0.827353
0.657534	-0.853473	-0.834197
0.659491	-0.860013	-0.840915
0.661448	-0.865999	-0.847505
0.663405	-0.872677	-0.853967
0.665362	-0.878901	-0.860300
0.667319	-0.885028	-0.866504
0.669276	-0.890639	-0.872576
0.671233	-0.896532	-0.878516
0.673190	-0.902729	-0.884323
0.675147	-0.907648	-0.889997
0.677104	-0.913098	-0.895536
0.679061	-0.918705	-0.900940
0.681018	-0.923723	-0.906207
0.682975	-0.928656	-0.911337
0.684932	-0.933205	-0.916330
0.686888	-0.938477	-0.921184
0.688845	-0.942974	-0.925899
0.690802	-0.946878	-0.930474
0.692759	-0.951593	-0.934908
0.694716	-0.955768	-0.939201
0.696673	-0.959818	-0.943352
0.698630	-0.963325	-0.947360
0.700587	-0.967115	-0.951225
0.702544	-0.971261	-0.954947
0.704501	-0.974134	-0.958524
0.706458	-0.977402	-0.961955
0.708415	-0.980695	-0.965242
0.710372	-0.983873	-0.968383
0.712329	-0.986675	-0.971377
0.714286	-0.988815	-0.974224
0.716243	-0.991948	-0.976924
0.718200	-0.994401	-0.979476
0.720157	-0.996402	-0.981881
0.722114	-0.998404	-0.984136
0.724070	-1.000376	-0.986243
0.726027	-1.002754	-0.988201
0.727984	-1.003862	-0.990010
0.729941	-1.005263	-0.991669
0.731898	-1.006881	-0.993178
0.733855	-1.008213	-0.994536
0.735812	-1.009313	-0.995745
0.737769	-1.009592	-0.996802
0.739726	-1.010826	-0.997710
0.741683	-1.011603	-0.998466
0.743640	-1.011907	-0.999071
0.745597	-1.011996	-0.999525
0.747554	-1.011990	-0.999829
0.749511	-1.012683	-0.999981
0.751468	-1.012200	-0.999982
0.753425	-1.011716	-0.999831
0.755382	-1.011158	-0.999530
0.757339	-1.010847	-0.999077
0.759295	-1.010430	-0.998473
0.761252	-1.008878	-0.997719
0.763209	-1.007925	-0.996813
0.765166	-1.006749	-0.995757
0.767123	-1.005843	-0.994550
0.769080	-1.004099	-0.993193
0.771037	-1.001968	-0.991686
0.772994	-1.000497	-0.990029
0.774951	-0.998629	-0.988222
0.776908	-0.996862	-0.986266
0.778865	-0.993961	-0.984160
0.780822	-0.991561	-0.981906
0.782779	-0.989293	-0.979504
0.784736	-0.986788	-0.976953
0.786693	-0.983941	-0.974255
0.788650	-0.980288	-0.971409
0.790607	-0.977516	-0.968416
0.792564	-0.974337	-0.965277
0.794521	-0.971251	-0.961992
0.796477	-0.967219	-0.958562
0.798434	-0.963205	-0.954987
0.800391	-0.959674	-0.951267
0.802348	-0.955826	-0.947404
0.804305	-0.951963	-0.943397
0.806262	-0.946963	-0.939248
0.808219	-0.942618	-0.934956
0.810176	-0.938100	-0.930524
0.812133	-0.933881	-0.925950
0.814090	-0.928930	-0.921237
0.816047	-0.923440	-0.916384
0.818004	-0.918334	-0.911393
0.819961	-0.913106	-0.906264
0.821918	-0.908371	-0.900998
0.823875	-0.902445	-0.895596
0.825832	-0.896640	-0.890058
0.827789	-0.890424	-0.884386
0.829746	-0.884888	-0.878580
0.831703	-0.879182	-0.872642
0.833659	-0.872898	-0.866571
0.835616	-0.866343	-0.860369
0.837573	-0.859352	-0.854038
0.839530	-0.853240	-0.847577
0.841487	-0.846634	-0.840988
0.843444	-0.840237	-0.834272
0.845401	-0.832694	-0.827429
0.847358	-0.825410	-0.820462
0.849315	-0.818066	-0.813371
0.851272	-0.811150	-0.806156
0.853229	-0.804085	-0.798820
0.855186	-0.796260	-0.791363
0.857143	-0.788355	-0.783786
0.859100	-0.780002	-0.776091
0.861057	-0.772560	-0.768279
0.863014	-0.764641	-0.760350
0.864971	-0.757004	-0.752306
0.866928	-0.748233	-0.744149
0.868885	-0.739627	-0.735879
0.870841	-0.730788	-0.727498
0.872798	-0.722522	-0.719007
0.874755	-0.714257	-0.710407
0.876712	-0.705566	-0.701700
0.878669	-0.696543	-0.692887
0.880626	-0.686865	-0.683969
0.882583	-0.677767	-0.674947
0.884540	-0.668465	-0.665824
0.886497	-0.659906	-0.656600
0.888454	-0.650459	-0.647276
0.890411	-0.641103	-0.637855
0.892368	-0.630768	-0.628337
0.894325	-0.620937	-0.618725
0.896282	-0.610968	-0.609018
0.898239	-0.601615	-0.599220
0.900196	-0.591995	-0.589331
0.902153	-0.582084	-0.579353
0.904110	-0.571686	-0.569287
0.906067	-0.560877	-0.559136
0.908023	-0.550394	-0.548899
0.909980	-0.539890	-0.538580
0.911937	-0.530069	-0.528180
0.913894	-0.519701	-0.517699
0.915851	-0.509520	-0.507140
0.917808	-0.498264	-0.496505
0.919765	-0.487307	-0.485795
0.921722	-0.475728	-0.475011
0.923679	-0.465032	-0.464155
0.925636	-0.454062	-0.453229
0.927593	-0.443774	-0.442234
0.929550	-0.432804	-0.431173
0.931507	-0.421884	-0.420047
0.933464	-0.410137	-0.408857
0.935421	-0.398452	-0.397605
0.937378	-0.386533	-0.386293
0.939335	-0.375041	-0.374923
0.941292	-0.363764	-0.363496
0.943249	-0.352725	-0.352014
0.945205	-0.341694	-0.340478
0.947162	-0.330293	-0.328892
0.949119	-0.318661	-0.317255
0.951076	-0.306421	-0.305571
0.953033	-0.294246	-0.293841
0.954990	-0.281735	-0.282066
0.956947	-0.269805	-0.270248
0.958904	-0.257750	-0.258389
0.960861	-0.246436	-0.246492
0.962818	-0.234785	-0.234557
0.964775	-0.223630	-0.222587
0.966732	-0.211734	-0.210583
0.968689	-0.200086	-0.198547
0.970646	-0.187510	-0.186481
0.972603	-0.175227	-0.174387
0.974560	-0.162153	-0.162267
0.976517	-0.149641	-0.150122
0.978474	-0.136602	-0.137955
0.980431	-0.124378	-0.125766
0.982387	-0.111790	-0.113559
0.984344	-0.100099	-0.101334
0.986301	-0.088037	-0.089094
0.988258	-0.076801	-0.076841
0.990215	-0.065085	-0.064576
0.992172	-0.054076	-0.052301
0.994129	-0.042482	-0.040018
0.996086	-0.031512	-0.027730
0.998043	-0.019912	-0.015437
1.000000	-0.008917	-0.003142
x	 u	 u_exact
0.000000	0.008392	-0.003142
0.003922	0.030326	0.021497
0.007843	0.052989	0.046122
0.011765	0.074709	0.070719
0.015686	0.097293	0.095273
0.019608	0.119083	0.119770
0.023529	0.142211	0.144194
0.027451	0.164861	0.168530
0.031373	0.189369	0.192764
0.035294	0.213407	0.216881
0.039216	0.239272	0.240866
0.043137	0.263877	0.264705
0.047059	0.289528	0.288383
0.050980	0.312711	0.311886
0.054902	0.336332	0.335200
0.058824	0.357207	0.358310
0.062745	0.379240	0.381203
0.066667	0.399651	0.403865
0.070588	0.422468	0.426281
0.074510	0.444348	0.448438
0.078431	0.468122	0.470323
0.082353	0.489852	0.491923
0.086275	0.511640	0.513224
0.090196	0.530924	0.534213
0.094118	0.550254	0.554879
0.098039	0.569161	0.575207
0.101961	0.589050	0.595186
0.105882	0.609616	0.614804
0.109804	0.629311	0.634048
0.113725	0.648490	0.652908
0.117647	0.664973	0.671371
0.121569	0.682136	0.689426
0.125490	0.698041	0.707063
0.129412	0.716442	0.724271
0.133333	0.733148	0.741039
0.137255	0.750256	0.757357
0.141176	0.764300	0.773216
0.145098	0.778402	0.788605
0.149020	0.792280	0.803515
0.152941	0.806948	0.817937
0.156863	0.821862	0.831863
0.160784	0.834283	0.845284
0.164706	0.846408	0.858191
0.168627	0.856460	0.870578
0.172549	0.868953	0.882436
0.176471	0.880123	0.893759
0.180392	0.891443	0.904538
0.184314	0.900041	0.914769
0.188235	0.908068	0.924444
0.192157	0.917079	0.933558
0.196078	0.925527	0.942106
0.200000	0.934293	0.950081
0.203922	0.939426	0.957480
0.207843	0.945478	0.964297
0.211765	0.950834	0.970529
0.215686	0.957238	0.976171
0.219608	0.962052	0.981221
0.223529	0.964399	0.985676
0.227451	0.967773	0.989532
0.231373	0.970288	0.992787
0.235294	0.974064	0.995439
0.239216	0.974505	0.997488
0.243137	0.974472	0.998930
0.247059	0.975064	0.999766
0.250980	0.975134	0.999995
0.254902	0.975145	0.999618
0.258824	0.971647	0.998633
0.262745	0.969741	0.997042
0.266667	0.967656	0.994845
0.270588	0.964527	0.992045
0.274510	0.960263	0.988642
0.278431	0.954190	0.984640
0.282353	0.950671	0.980039
0.286275	0.944986	0.974844
0.290196	0.937857	0.969056
0.294118	0.930679	0.962681
0.298039	0.923141	0.955721
0.301961	0.916539	0.948180
0.305882	0.906364	0.940064
0.309804	0.896707	0.931378
0.313725	0.888155	0.922126
0.317647	0.877463	0.912314
0.321569	0.866492	0.901948
0.325490	0.854094	0.891034
0.329412	0.843188	0.879580
0.333333	0.831269	0.867592
0.337255	0.816367	0.855077
0.341176	0.803787	0.842043
0.345098	0.790262	0.828498
0.349020	0.775150	0.814449
0.352941	0.759978	0.799907
0.356863	0.744236	0.784878
0.360784	0.729520	0.769373
0.364706	0.712145	0.753401
0.368627	0.694423	0.736972
0.372549	0.678995	0.720095
0.376471	0.660365	0.702781
0.380392	0.641445	0.685041
0.384314	0.623971	0.666884
0.388235	0.604753	0.648323
0.392157	0.585269	0.629368
0.396078	0.565251	0.610031
0.400000	0.545595	0.590324
0.403922	0.525719	0.570258
0.407843	0.503542	0.549846
0.411765	0.483282	0.529101
0.415686	0.462843	0.508034
0.419608	0.439293	0.486658
0.423529	0.418214	0.464987
0.427451	0.396970	0.443034
0.431373	0.372776	0.420812
0.435294	0.350766	0.398335
0.439216	0.328585	0.375615
0.443137	0.304214	0.352668
0.447059	0.281297	0.329506
0.450980	0.258201	0.306145
0.454902	0.233870	0.282598
0.458824	0.210169	0.258879
0.462745	0.186299	0.235002
0.466667	0.162064	0.210984
0.470588	0.137758	0.186837
0.474510	0.113317	0.162576
0.478431	0.089165	0.138217
0.482353	0.064455	0.113774
0.486275	0.039661	0.089262
0.490196	0.015571	0.064696
0.494118	-0.009339	0.040091
0.498039	-0.034269	0.015461
0.501961	-0.058315	-0.009178
0.505882	-0.083218	-0.033812
0.509804	-0.108076	-0.058425
0.513725	-0.132088	-0.083003
0.517647	-0.156776	-0.107530
0.521569	-0.181356	-0.131992
0.525490	-0.205350	-0.156374
0.529412	-0.229607	-0.180661
0.533333	-0.253705	-0.204838
0.537255	-0.277706	-0.228891
0.541176	-0.301314	-0.252804
0.545098	-0.324730	-0.276565
0.549020	-0.348750	-0.300157
0.552941	-0.371510	-0.323568
0.556863	-0.394067	-0.346782
0.560784	-0.418052	-0.369785
0.564706	-0.439823	-0.392564
0.568627	-0.461399	-0.415104
0.572549	-0.485135	-0.437393
0.576471	-0.505898	-0.459416
0.580392	-0.526472	-0.481160
0.584314	-0.549494	-0.502612
0.588235	-0.569383	-0.523759
0.592157	-0.589069	-0.544587
0.596078	-0.610651	-0.565086
0.600000	-0.629911	-0.585241
0.603922	-0.648929	-0.605041
0.607843	-0.668289	-0.624473
0.611765	-0.687094	-0.643527
0.615686	-0.705612	-0.662189
0.619608	-0.722368	-0.680450
0.623529	-0.740550	-0.698298
0.627451	-0.758422	-0.715721
0.631373	-0.773075	-0.732711
0.635294	-0.790004	-0.749255
0.639216	-0.806569	-0.765344
0.643137	-0.820458	-0.780969
0.647059	-0.835356	-0.796120
0.650980	-0.849669	-0.810787
0.654902	-0.863907	-0.824963
0.658824	-0.876542	-0.838637
0.662745	-0.888218	-0.851802
0.666667	-0.902203	-0.864450
0.670588	-0.913191	-0.876574
0.674510	-0.923153	-0.888165
0.678431	-0.934597	-0.899217
0.682353	-0.944601	-0.909723
0.686275	-0.954316	-0.919676
0.690196	-0.961879	-0.929072
0.694118	-0.970540	-0.937903
0.698039	-0.979708	-0.946165
0.701961	-0.985295	-0.953853
0.705882	-0.991810	-0.960961
0.709804	-0.997959	-0.967486
0.713725	-1.004052	-0.973424
0.717647	-1.008694	-0.978771
0.721569	-1.011165	-0.983523
0.725490	-1.016185	-0.987679
0.729412	-1.019394	-0.991235
0.733333	-1.021463	-0.994189
0.737255	-1.022484	-0.996539
0.741176	-1.023327	-0.998285
0.745098	-1.025759	-0.999424
0.749020	-1.024681	-0.999957
0.752941	-1.023543	-0.999882
0.756863	-1.021885	-0.999201
0.760784	-1.020853	-0.997913
0.764706	-1.019348	-0.996019
0.768627	-1.014510	-0.993521
0.772549	-1.010937	-0.990419
0.776471	-1.006509	-0.986716
0.780392	-1.003113	-0.982414
0.784314	-0.997253	-0.977516
0.788235	-0.989809	-0.972024
0.792157	-0.983419	-0.965942
0.796078	-0.976343	-0.959273
0.800000	-0.970190	-0.952023
0.803922	-0.960414	-0.944194
0.807843	-0.950963	-0.935792
0.811765	-0.940959	-0.926822
0.815686	-0.931950	-0.917289
0.819608	-0.922381	-0.907200
0.823529	-0.910099	-0.896559
0.827451	-0.897979	-0.885375
0.831373	-0.884550	-0.873652
0.835294	-0.873574	-0.861400
0.839216	-0.860539	-0.848624
0.843137	-0.847221	-0.835334
0.847059	-0.831424	-0.821536
0.850980	-0.815888	-0.807239
0.854902	-0.801159	-0.792452
0.858824	-0.786223	-0.777185
0.862745	-0.771361	-0.761445
0.866667	-0.753450	-0.745243
0.870588	-0.735959	-0.728589
0.874510	-0.716791	-0.711492
0.878431	-0.700140	-0.693964
0.882353	-0.682249	-0.676014
0.886275	-0.665058	-0.657654
0.890196	-0.645189	-0.638894
0.894118	-0.624824	-0.619747
0.898039	-0.603607	-0.600223
0.901961	-0.583092	-0.580335
0.905882	-0.563581	-0.560095
0.909804	-0.543669	-0.539514
0.913725	-0.523824	-0.518606
0.917647	-0.501496	-0.497384
0.921569	-0.479248	-0.475859
0.925490	-0.454978	-0.454045
0.929412	-0.432626	-0.431956
0.933333	-0.409365	-0.409605
0.937255	-0.388535	-0.387004
0.941176	-0.366107	-0.364169
0.945098	-0.344862	-0.341113
0.949020	-0.320892	-0.317850
0.952941	-0.297382	-0.294394
0.956863	-0.271428	-0.270759
0.960784	-0.246545	-0.246959
0.964706	-0.220429	-0.223010
0.968627	-0.196169	-0.198925
0.972549	-0.171469	-0.174720
0.976471	-0.148657	-0.150408
0.980392	-0.125395	-0.126005
0.984314	-0.103498	-0.101526
0.988235	-0.080833	-0.076985
0.992157	-0.059054	-0.052397
0.996078	-0.036352	-0.027778
1.000000	-0.014399	-0.003142
x	 u	 u_exact
0.000000	0.020341	-0.003142
0.007874	0.062800	0.046316
0.015748	0.107877	0.095660
0.023622	0.149093	0.144770
0.031496	0.193630	0.193525
0.039370	0.235091	0.241807
0.047244	0.281946	0.289497
0.055118	0.326529	0.336479
0.062992	0.377098	0.382638
0.070866	0.423013	0.427860
0.078740	0.471662	0.472035
0.086614	0.511375	0.515055
0.094488	0.551640	0.556814
0.102362	0.584509	0.597211
0.110236	0.621553	0.636146
0.118110	0.656648	0.673525
0.125984	0.695117	0.709255
0.133858	0.729572	0.743250
0.141732	0.759135	0.775425
0.149606	0.785106	0.805704
0.157480	0.807234	0.834010
0.165354	0.834440	0.860276
0.173228	0.857284	0.884436
0.181102	0.881126	0.906432
0.188976	0.894303	0.926210
0.196850	0.908038	0.943721
0.204724	0.920395	0.958923
0.212598	0.933602	0.971778
0.220472	0.944410	0.982255
0.228346	0.945455	0.990328
0.236220	0.948739	0.995978
0.244094	0.948667	0.999190
0.251969	0.951374	0.999957
0.259843	0.946156	0.998278
0.267717	0.935622	0.994155
0.275591	0.928790	0.987599
0.283465	0.917849	0.978627
0.291339	0.906431	0.967259
0.299213	0.886254	0.953525
0.307087	0.867339	0.937457
0.314961	0.851409	0.919095
0.322835	0.825933	0.898484
0.330709	0.800293	0.875674
0.338583	0.772916	0.850722
0.346457	0.745715	0.823687
0.354331	0.715622	0.794637
0.362205	0.677925	0.763642
0.370079	0.646784	0.730778
0.377953	0.612273	0.696126
0.385827	0.569573	0.659770
0.393701	0.532343	0.621800
0.401575	0.492684	0.582308
0.409449	0.448632	0.541392
0.417323	0.405422	0.499150
0.425197	0.360811	0.455687
0.433071	0.316450	0.411109
0.440945	0.268747	0.365524
0.448819	0.220325	0.319045
0.456693	0.175599	0.271786
0.464567	0.125154	0.223861
0.472441	0.074403	0.175388
0.480315	0.029336	0.126487
0.488189	-0.022281	0.077275
0.496063	-0.073915	0.027875
0.503937	-0.118921	-0.021594
0.511811	-0.170324	-0.071009
0.519685	-0.221484	-0.120251
0.527559	-0.265864	-0.169199
0.535433	-0.315699	-0.217733
0.543307	-0.365009	-0.265734
0.551181	-0.408376	-0.313084
0.559055	-0.455218	-0.359669
0.566929	-0.501133	-0.405373
0.574803	-0.543493	-0.450085
0.582677	-0.585894	-0.493696
0.590551	-0.626702	-0.536098
0.598425	-0.668157	-0.577189
0.606299	-0.705025	-0.616867
0.614173	-0.739290	-0.655036
0.622047	-0.778852	-0.691601
0.629921	-0.810056	-0.726475
0.637795	-0.837732	-0.759570
0.645669	-0.871819	-0.790807
0.653543	-0.898163	-0.820108
0.661417	-0.921478	-0.847402
0.669291	-0.944849	-0.872623
0.677165	-0.966378	-0.895708
0.685039	-0.987636	-0.916601
0.692913	-0.999253	-0.935252
0.700787	-1.013780	-0.951613
0.708661	-1.029502	-0.965646
0.716535	-1.036402	-0.977315
0.724409	-1.042770	-0.986593
0.732283	-1.045000	-0.993457
0.740157	-1.050911	-0.997889
0.748031	-1.051487	-0.999880
0.755906	-1.044129	-0.999423
0.763780	-1.039561	-0.996521
0.771654	-1.031666	-0.991180
0.779528	-1.026040	-0.983414
0.787402	-1.010684	-0.973241
0.795276	-0.992978	-0.960686
0.803150	-0.976196	-0.945780
0.811024	-0.958120	-0.928560
0.818898	-0.940684	-0.909068
0.826772	-0.912668	-0.887351
0.834646	-0.885752	-0.863462
0.842520	-0.854599	-0.837460
0.850394	-0.828663	-0.809409
0.858268	-0.799021	-0.779378
0.866142	-0.765920	-0.747438
0.874016	-0.728066	-0.713670
0.881890	-0.686359	-0.678156
0.889764	-0.648207	-0.640981
0.897638	-0.608301	-0.602239
0.905512	-0.572761	-0.562022
0.913386	-0.530005	-0.520430
0.921260	-0.487975	-0.477565
0.929134	-0.437193	-0.433530
0.937008	-0.389349	-0.388435
0.944882	-0.337078	-0.342389
0.952756	-0.291039	-0.295506
0.960630	-0.242980	-0.247899
0.968504	-0.200559	-0.199686
0.976378	-0.155293	-0.150984
0.984252	-0.113554	-0.101912
0.992126	-0.068143	-0.052591
1.000000	-0.025520	-0.003142
x	 u	 u_exact
0.000000	0.039706	-0.003142
0.015873	0.132662	0.096441
0.031746	0.208604	0.195066
0.047619	0.294936	0.291752
0.063492	0.365890	0.385538
0.079365	0.452793	0.475493
0.095238	0.528919	0.560722
0.111111	0.618430	0.640378
0.126984	0.687916	0.713670
0.142857	0.750819	0.779869
0.158730	0.790173	0.838317
0.174603	0.822901	0.888434
0.190476	0.858844	0.929721
0.206349	0.885100	0.961769
0.222222	0.908403	0.984257
0.238095	0.896974	0.996964
0.253968	0.888687	0.999763
0.269841	0.872878	0.992625
0.285714	0.852695	0.975622
0.301587	0.817662	0.948923
0.317460	0.757474	0.912793
0.333333	0.713812	0.867592
0.349206	0.655524	0.813768
0.365079	0.578573	0.751856
0.380952	0.503498	0.682472
0.396825	0.421126	0.606306
0.412698	0.338583	0.524113
0.428571	0.241877	0.436712
0.444444	0.142489	0.344971
0.460317	0.056100	0.249801
0.476190	-0.049664	0.152148
0.492063	-0.155517	0.052983
0.507937	-0.241854	-0.046708
0.523810	-0.345719	-0.145935
0.539683	-0.447596	-0.243712
0.555556	-0.528157	-0.339066
0.571429	-0.619841	-0.431051
0.587302	-0.707142	-0.518752
0.603175	-0.778556	-0.601297
0.619048	-0.848180	-0.677866
0.634921	-0.909157	-0.747699
0.650794	-0.970687	-0.810100
0.666667	-1.012331	-0.864450
0.682540	-1.038409	-0.910209
0.698413	-1.080250	-0.946922
0.714286	-1.096294	-0.974224
0.730159	-1.096961	-0.991844
0.746032	-1.093036	-0.999606
0.761905	-1.081651	-0.997434
0.777778	-1.073529	-0.985348
0.793651	-1.030920	-0.963470
0.809524	-0.985835	-0.932017
0.825397	-0.931891	-0.891301
0.841270	-0.882181	-0.841726
0.857143	-0.826894	-0.783786
0.873016	-0.749133	-0.718057
0.888889	-0.666012	-0.645191
0.904762	-0.564397	-0.565913
0.920635	-0.477985	-0.481011
0.936508	-0.382795	-0.391328
0.952381	-0.305529	-0.297756
0.968254	-0.214721	-0.201224
0.984127	-0.135939	-0.102693
1.000000	-0.041611	-0.003142
x	 u	 u_exact
0.000000	0.449801	-0.003142
0.032258	2.189492	0.198220
0.064516	3.834645	0.391467
0.096774	5.335396	0.568687
0.129032	6.696136	0.722625
0.161290	7.943177	0.846978
0.193548	8.832847	0.936656
0.225806	8.322515	0.987988
0.258065	5.066801	0.998871
0.290323	1.396527	0.968860
0.322581	8.520247	0.899184
0.354839	36.841634	0.792695
0.387097	57.979316	0.653753
0.419355	-9.720575	0.488046
0.451613	-179.113200	0.302359
0.483871	-212.240451	0.104293
0.516129	176.732658	-0.098042
0.548387	649.865033	-0.296364
0.580645	298.294501	-0.482553
0.612903	-808.961631	-0.648986
0.645161	-1031.008496	-0.788849
0.677419	274.307988	-0.896417
0.709677	1146.952521	-0.967285
0.741935	302.827757	-0.998552
0.774194	-616.891968	-0.988939
0.806452	-343.852118	-0.938839
0.838710	133.176997	-0.850302
0.870968	103.490637	-0.726954
0.903226	-16.400684	-0.573844
0.935484	-16.642334	-0.397241
0.967742	-3.034512	-0.204375
1.000000	-1.111701	-0.003142
